"HyperLynx Oscilloscope .CSV file"

"Design file: IBOB2_WORK2.HYP         Designer: Etienne Bauermeister"
"Created on: 12 February 2008   Time: 02:31:34 PM"
"Created by: HyperLynx v7.7 (bld 385)
"Comment: "
"Probe 1: U63.E11 (at pin)"
"Probe 2: U15.F8 (at pin)"
"","Time","Probe V 1","Probe I 1","Probe V 2","Probe I 2"
"","   0.0000e-11","3.2741e-001",DC,"3.3235e-001",DC
"","   0.9775e-11","3.2741e-001","-7.9575e-003","3.3235e-001","8.0123e-003"
"","   1.9550e-11","3.2741e-001","-7.9658e-003","3.3234e-001","8.0126e-003"
"","   2.9325e-11","3.2741e-001","-7.9708e-003","3.3230e-001","8.0129e-003"
"","   3.9101e-11","3.2741e-001","-7.9738e-003","3.3221e-001","8.0132e-003"
"","   4.8876e-11","3.2741e-001","-7.9755e-003","3.3218e-001","8.0135e-003"
"","   5.8651e-11","3.2763e-001","-7.9764e-003","3.3217e-001","8.0052e-003"
"","   6.8426e-11","3.2898e-001","-7.9767e-003","3.3217e-001","8.0128e-003"
"","   7.8201e-11","3.2957e-001","-7.9767e-003","3.3218e-001","8.0159e-003"
"","   8.7976e-11","3.2979e-001","-7.9764e-003","3.3215e-001","8.0171e-003"
"","   9.7751e-11","3.2984e-001","-7.9761e-003","3.3216e-001","8.0175e-003"
"","  10.7526e-11","3.2983e-001","-7.9756e-003","3.3220e-001","8.0175e-003"
"","  11.7302e-11","3.2979e-001","-7.9698e-003","3.3223e-001","8.0139e-003"
"","  12.7077e-11","3.2976e-001","-7.9062e-003","3.3225e-001","8.0199e-003"
"","  13.6852e-11","3.2973e-001","-7.9451e-003","3.3226e-001","8.0194e-003"
"","  14.6627e-11","3.2972e-001","-7.9613e-003","3.3224e-001","8.0178e-003"
"","  15.6402e-11","3.2972e-001","-7.9668e-003","3.3227e-001","8.0166e-003"
"","  16.6177e-11","3.2973e-001","-7.9675e-003","3.3229e-001","8.0159e-003"
"","  17.5952e-11","3.2975e-001","-7.9622e-003","3.3228e-001","8.0158e-003"
"","  18.5727e-11","3.3064e-001","-7.9452e-003","3.3227e-001","8.0178e-003"
"","  19.5503e-11","3.3062e-001","-7.9118e-003","3.3225e-001","8.0155e-003"
"","  20.5278e-11","3.3034e-001","-7.8568e-003","3.3223e-001","8.0146e-003"
"","  21.5053e-11","3.3011e-001","-7.7570e-003","3.3226e-001","8.0149e-003"
"","  22.4828e-11","3.2997e-001","-7.6044e-003","3.3225e-001","8.0155e-003"
"","  23.4603e-11","3.2995e-001","-7.3825e-003","3.3223e-001","8.0181e-003"
"","  24.4378e-11","3.3018e-001","-7.0614e-003","3.3223e-001","8.0168e-003"
"","  25.4153e-11","3.3088e-001","-6.7808e-003","3.3223e-001","8.0154e-003"
"","  26.3929e-11","3.3224e-001","-6.4308e-003","3.3224e-001","8.0159e-003"
"","  27.3704e-11","3.3475e-001","-6.0531e-003","3.3226e-001","8.0167e-003"
"","  28.3479e-11","3.3904e-001","-5.6713e-003","3.3225e-001","8.0171e-003"
"","  29.3254e-11","3.4573e-001","-5.2813e-003","3.3225e-001","8.0192e-003"
"","  30.3029e-11","3.5590e-001","-4.8795e-003","3.3225e-001","8.0160e-003"
"","  31.2804e-11","3.6822e-001","-4.4380e-003","3.3226e-001","8.0158e-003"
"","  32.2579e-11","3.8296e-001","-3.9490e-003","3.3227e-001","8.0167e-003"
"","  33.2354e-11","3.9988e-001","-3.3666e-003","3.3227e-001","8.0169e-003"
"","  34.2130e-11","4.1832e-001","-2.7045e-003","3.3225e-001","8.0166e-003"
"","  35.1905e-11","4.3778e-001","-1.9511e-003","3.3226e-001","8.0175e-003"
"","  36.1680e-11","4.5796e-001","-1.1322e-003","3.3226e-001","8.0150e-003"
"","  37.1455e-11","4.7897e-001","-3.9766e-004","3.3226e-001","8.0162e-003"
"","  38.1230e-11","5.0129e-001","3.5833e-004","3.3227e-001","8.0168e-003"
"","  39.1005e-11","5.2553e-001","1.0726e-003","3.3225e-001","8.0165e-003"
"","  40.0780e-11","5.5231e-001","1.7297e-003","3.3225e-001","8.0156e-003"
"","  41.0555e-11","5.8189e-001","2.3381e-003","3.3226e-001","8.0163e-003"
"","  42.0331e-11","6.1424e-001","2.9058e-003","3.3226e-001","8.0157e-003"
"","  43.0106e-11","6.4742e-001","3.4702e-003","3.3226e-001","8.0170e-003"
"","  43.9881e-11","6.8115e-001","4.0329e-003","3.3226e-001","8.0169e-003"
"","  44.9656e-11","7.1456e-001","4.6292e-003","3.3225e-001","8.0164e-003"
"","  45.9431e-11","7.4704e-001","5.2171e-003","3.3226e-001","8.0150e-003"
"","  46.9206e-11","7.7806e-001","5.8020e-003","3.3231e-001","8.0158e-003"
"","  47.8981e-11","8.0745e-001","6.3474e-003","3.3258e-001","8.0166e-003"
"","  48.8757e-11","8.3532e-001","6.7019e-003","3.3295e-001","8.0171e-003"
"","  49.8532e-11","8.6188e-001","7.0541e-003","3.3328e-001","8.0124e-003"
"","  50.8307e-11","8.8739e-001","7.3294e-003","3.3352e-001","7.9916e-003"
"","  51.8082e-11","9.1200e-001","7.5563e-003","3.3367e-001","7.9655e-003"
"","  52.7857e-11","9.3548e-001","7.7396e-003","3.3373e-001","7.9435e-003"
"","  53.7632e-11","9.5749e-001","7.8949e-003","3.3361e-001","7.9318e-003"
"","  54.7407e-11","9.7666e-001","8.0470e-003","3.3334e-001","7.9257e-003"
"","  55.7182e-11","9.9337e-001","8.1957e-003","3.3303e-001","7.9209e-003"
"","  56.6958e-11","1.0077e+000","8.3541e-003","3.3281e-001","7.9155e-003"
"","  57.6733e-11","1.0198e+000","8.4857e-003","3.3269e-001","7.9202e-003"
"","  58.6508e-11","1.0302e+000","8.5967e-003","3.3267e-001","7.9296e-003"
"","  59.6283e-11","1.0390e+000","8.6911e-003","3.3280e-001","7.9440e-003"
"","  60.6058e-11","1.0467e+000","8.6129e-003","3.3301e-001","7.9548e-003"
"","  61.5833e-11","1.0535e+000","8.6157e-003","3.3323e-001","7.9581e-003"
"","  62.5608e-11","1.0599e+000","8.5962e-003","3.3343e-001","7.9506e-003"
"","  63.5383e-11","1.0658e+000","8.5877e-003","3.3361e-001","7.9475e-003"
"","  64.5159e-11","1.0710e+000","8.5871e-003","3.3373e-001","7.9487e-003"
"","  65.4934e-11","1.0754e+000","8.5939e-003","3.3379e-001","7.9526e-003"
"","  66.4709e-11","1.0785e+000","8.6075e-003","3.3392e-001","7.9544e-003"
"","  67.4484e-11","1.0807e+000","8.6333e-003","3.3433e-001","7.9510e-003"
"","  68.4259e-11","1.0824e+000","8.6680e-003","3.3518e-001","7.9441e-003"
"","  69.4034e-11","1.0839e+000","8.6855e-003","3.3667e-001","7.9353e-003"
"","  70.3809e-11","1.0854e+000","8.6905e-003","3.3909e-001","7.9112e-003"
"","  71.3585e-11","1.0870e+000","8.6627e-003","3.4282e-001","7.8559e-003"
"","  72.3360e-11","1.0886e+000","8.6035e-003","3.4808e-001","7.7523e-003"
"","  73.3135e-11","1.0902e+000","8.6154e-003","3.5477e-001","7.5795e-003"
"","  74.2910e-11","1.0919e+000","8.6157e-003","3.6273e-001","7.3148e-003"
"","  75.2685e-11","1.0936e+000","8.6263e-003","3.7160e-001","6.9506e-003"
"","  76.2460e-11","1.0949e+000","8.6442e-003","3.8091e-001","6.4862e-003"
"","  77.2235e-11","1.0960e+000","8.6661e-003","3.9013e-001","5.9241e-003"
"","  78.2010e-11","1.0965e+000","8.6746e-003","3.9895e-001","5.2849e-003"
"","  79.1786e-11","1.0969e+000","8.6893e-003","4.0728e-001","4.5881e-003"
"","  80.1561e-11","1.0976e+000","8.7037e-003","4.1534e-001","3.8594e-003"
"","  81.1336e-11","1.0984e+000","8.7017e-003","4.2357e-001","3.1213e-003"
"","  82.1111e-11","1.0993e+000","8.6873e-003","4.3256e-001","2.3821e-003"
"","  83.0886e-11","1.1004e+000","8.6614e-003","4.4284e-001","1.6345e-003"
"","  84.0661e-11","1.1013e+000","8.6170e-003","4.5466e-001","8.6642e-004"
"","  85.0436e-11","1.1021e+000","8.6493e-003","4.6789e-001","5.8614e-005"
"","  86.0211e-11","1.1029e+000","8.6670e-003","4.8224e-001","-8.0199e-004"
"","  86.9987e-11","1.1037e+000","8.6787e-003","4.9719e-001","-1.7069e-003"
"","  87.9762e-11","1.1040e+000","8.6836e-003","5.1214e-001","-2.6423e-003"
"","  88.9537e-11","1.1040e+000","8.6917e-003","5.2655e-001","-3.5914e-003"
"","  89.9312e-11","1.1038e+000","8.6782e-003","5.4017e-001","-4.5296e-003"
"","  90.9087e-11","1.1036e+000","8.6760e-003","5.5303e-001","-5.4308e-003"
"","  91.8862e-11","1.1040e+000","8.6733e-003","5.6536e-001","-6.2684e-003"
"","  92.8637e-11","1.1046e+000","8.6615e-003","5.7752e-001","-7.0179e-003"
"","  93.8412e-11","1.1051e+000","8.6412e-003","5.8985e-001","-7.6759e-003"
"","  94.8188e-11","1.1056e+000","8.6283e-003","6.0265e-001","-8.2477e-003"
"","  95.7963e-11","1.1058e+000","8.6066e-003","6.1601e-001","-8.7420e-003"
"","  96.7738e-11","1.1059e+000","8.6426e-003","6.2981e-001","-9.1683e-003"
"","  97.7513e-11","1.1059e+000","8.6624e-003","6.4394e-001","-9.5283e-003"
"","  98.7288e-11","1.1059e+000","8.6659e-003","6.5822e-001","-9.8164e-003"
"","  99.7063e-11","1.1057e+000","8.6542e-003","6.7255e-001","-1.0034e-002"
""," 100.6838e-11","1.1055e+000","8.6503e-003","6.8687e-001","-1.0183e-002"
""," 101.6614e-11","1.1054e+000","8.6331e-003","7.0128e-001","-1.0273e-002"
""," 102.6389e-11","1.1054e+000","8.6315e-003","7.1591e-001","-1.0307e-002"
""," 103.6164e-11","1.1060e+000","8.6316e-003","7.3086e-001","-1.0294e-002"
""," 104.5939e-11","1.1067e+000","8.6295e-003","7.4617e-001","-1.0239e-002"
""," 105.5714e-11","1.1071e+000","8.6187e-003","7.6175e-001","-1.0161e-002"
""," 106.5489e-11","1.1075e+000","8.6220e-003","7.7745e-001","-1.0074e-002"
""," 107.5264e-11","1.1076e+000","8.6293e-003","7.9302e-001","-9.9896e-003"
""," 108.5040e-11","1.1075e+000","8.6407e-003","8.0821e-001","-9.9101e-003"
""," 109.4815e-11","1.1074e+000","8.6478e-003","8.2283e-001","-9.8309e-003"
""," 110.4590e-11","1.1069e+000","8.6338e-003","8.3682e-001","-9.7417e-003"
""," 111.4365e-11","1.1058e+000","8.6096e-003","8.5016e-001","-9.6431e-003"
""," 112.4140e-11","1.1041e+000","8.6004e-003","8.6297e-001","-9.5375e-003"
""," 113.3915e-11","1.1018e+000","8.5913e-003","8.7539e-001","-9.4267e-003"
""," 114.3690e-11","1.0985e+000","8.5978e-003","8.8754e-001","-9.3131e-003"
""," 115.3465e-11","1.0947e+000","8.6108e-003","8.9945e-001","-9.1980e-003"
""," 116.3241e-11","1.0898e+000","8.6269e-003","9.1111e-001","-9.0816e-003"
""," 117.3016e-11","1.0838e+000","8.6433e-003","9.2244e-001","-8.9749e-003"
""," 118.2791e-11","1.0769e+000","8.6907e-003","9.3336e-001","-8.8807e-003"
""," 119.2566e-11","1.0691e+000","8.7662e-003","9.4380e-001","-8.7979e-003"
""," 120.2341e-11","1.0601e+000","8.8268e-003","9.5366e-001","-8.7224e-003"
""," 121.2116e-11","1.0499e+000","8.9201e-003","9.6298e-001","-8.6480e-003"
""," 122.1891e-11","1.0383e+000","9.0071e-003","9.7183e-001","-8.5698e-003"
""," 123.1666e-11","1.0249e+000","9.1092e-003","9.8025e-001","-8.4910e-003"
""," 124.1442e-11","1.0101e+000","9.2442e-003","9.8837e-001","-8.4152e-003"
""," 125.1217e-11","9.9418e-001","9.4018e-003","9.9622e-001","-8.3431e-003"
""," 126.0992e-11","9.7758e-001","9.5874e-003","1.0038e+000","-8.2746e-003"
""," 127.0767e-11","9.6099e-001","9.8005e-003","1.0111e+000","-8.2102e-003"
""," 128.0542e-11","9.4441e-001","1.0040e-002","1.0181e+000","-8.1495e-003"
""," 129.0317e-11","9.2819e-001","1.0306e-002","1.0248e+000","-8.0944e-003"
""," 130.0092e-11","9.1264e-001","1.0620e-002","1.0310e+000","-8.0449e-003"
""," 130.9867e-11","8.9791e-001","1.0950e-002","1.0369e+000","-7.9978e-003"
""," 131.9643e-11","8.8394e-001","1.1288e-002","1.0424e+000","-7.9503e-003"
""," 132.9418e-11","8.7078e-001","1.1636e-002","1.0475e+000","-7.9003e-003"
""," 133.9193e-11","8.5844e-001","1.1948e-002","1.0525e+000","-7.8449e-003"
""," 134.8968e-11","8.4706e-001","1.2252e-002","1.0573e+000","-7.7851e-003"
""," 135.8743e-11","8.3700e-001","1.2556e-002","1.0621e+000","-7.7291e-003"
""," 136.8518e-11","8.2865e-001","1.2848e-002","1.0666e+000","-7.6798e-003"
""," 137.8293e-11","8.2217e-001","1.3128e-002","1.0711e+000","-7.6365e-003"
""," 138.8068e-11","8.1784e-001","1.3401e-002","1.0754e+000","-7.5978e-003"
""," 139.7844e-11","8.1530e-001","1.3652e-002","1.0794e+000","-7.5613e-003"
""," 140.7619e-11","8.1450e-001","1.3882e-002","1.0831e+000","-7.5279e-003"
""," 141.7394e-11","8.1548e-001","1.4102e-002","1.0865e+000","-7.4995e-003"
""," 142.7169e-11","8.1810e-001","1.4265e-002","1.0897e+000","-7.4721e-003"
""," 143.6944e-11","8.2219e-001","1.4366e-002","1.0927e+000","-7.4418e-003"
""," 144.6719e-11","8.2764e-001","1.4440e-002","1.0956e+000","-7.4085e-003"
""," 145.6494e-11","8.3420e-001","1.4434e-002","1.0984e+000","-7.3722e-003"
""," 146.6270e-11","8.4157e-001","1.4397e-002","1.1011e+000","-7.3366e-003"
""," 147.6045e-11","8.4975e-001","1.4338e-002","1.1037e+000","-7.3079e-003"
""," 148.5820e-11","8.5840e-001","1.4245e-002","1.1063e+000","-7.2841e-003"
""," 149.5595e-11","8.6703e-001","1.4116e-002","1.1089e+000","-7.2624e-003"
""," 150.5370e-11","8.7561e-001","1.3951e-002","1.1113e+000","-7.2432e-003"
""," 151.5145e-11","8.8376e-001","1.3712e-002","1.1136e+000","-7.2262e-003"
""," 152.4920e-11","8.9150e-001","1.3384e-002","1.1159e+000","-7.2144e-003"
""," 153.4695e-11","8.9895e-001","1.2967e-002","1.1182e+000","-7.2095e-003"
""," 154.4471e-11","9.0616e-001","1.2447e-002","1.1204e+000","-7.2092e-003"
""," 155.4246e-11","9.1297e-001","1.1841e-002","1.1226e+000","-7.2138e-003"
""," 156.4021e-11","9.1929e-001","1.1216e-002","1.1246e+000","-7.2253e-003"
""," 157.3796e-11","9.2454e-001","1.0551e-002","1.1265e+000","-7.2418e-003"
""," 158.3571e-11","9.2787e-001","9.9094e-003","1.1281e+000","-7.2616e-003"
""," 159.3346e-11","9.2846e-001","9.3034e-003","1.1295e+000","-7.2826e-003"
""," 160.3121e-11","9.2580e-001","8.7057e-003","1.1307e+000","-7.2982e-003"
""," 161.2896e-11","9.1998e-001","8.0845e-003","1.1318e+000","-7.3050e-003"
""," 162.2672e-11","9.1099e-001","7.4026e-003","1.1330e+000","-7.3037e-003"
""," 163.2447e-11","8.9959e-001","6.6313e-003","1.1343e+000","-7.2976e-003"
""," 164.2222e-11","8.8661e-001","5.7635e-003","1.1356e+000","-7.2927e-003"
""," 165.1997e-11","8.7295e-001","4.8271e-003","1.1370e+000","-7.2927e-003"
""," 166.1772e-11","8.5919e-001","3.8635e-003","1.1384e+000","-7.2968e-003"
""," 167.1547e-11","8.4502e-001","2.9380e-003","1.1394e+000","-7.3032e-003"
""," 168.1322e-11","8.2961e-001","2.0586e-003","1.1402e+000","-7.3085e-003"
""," 169.1097e-11","8.1195e-001","1.2638e-003","1.1404e+000","-7.3062e-003"
""," 170.0873e-11","7.9139e-001","5.6303e-004","1.1404e+000","-7.2896e-003"
""," 171.0648e-11","7.6800e-001","-4.7298e-005","1.1401e+000","-7.2550e-003"
""," 172.0423e-11","7.4241e-001","-6.1317e-004","1.1397e+000","-7.1987e-003"
""," 173.0198e-11","7.1585e-001","-1.1915e-003","1.1396e+000","-7.1229e-003"
""," 173.9973e-11","6.8923e-001","-1.8163e-003","1.1398e+000","-7.0358e-003"
""," 174.9748e-11","6.6389e-001","-2.4699e-003","1.1405e+000","-6.9478e-003"
""," 175.9523e-11","6.4038e-001","-3.1313e-003","1.1415e+000","-6.8687e-003"
""," 176.9299e-11","6.1900e-001","-3.7539e-003","1.1428e+000","-6.8058e-003"
""," 177.9074e-11","5.9994e-001","-4.3107e-003","1.1443e+000","-6.7616e-003"
""," 178.8849e-11","5.8236e-001","-4.7604e-003","1.1456e+000","-6.7368e-003"
""," 179.8624e-11","5.6551e-001","-5.1449e-003","1.1466e+000","-6.7303e-003"
""," 180.8399e-11","5.4891e-001","-5.4361e-003","1.1473e+000","-6.7373e-003"
""," 181.8174e-11","5.3258e-001","-5.6793e-003","1.1477e+000","-6.7499e-003"
""," 182.7949e-11","5.1705e-001","-5.8945e-003","1.1476e+000","-6.7624e-003"
""," 183.7725e-11","5.0275e-001","-6.1087e-003","1.1474e+000","-6.7688e-003"
""," 184.7500e-11","4.9011e-001","-6.3650e-003","1.1470e+000","-6.7665e-003"
""," 185.7275e-11","4.7934e-001","-6.6498e-003","1.1467e+000","-6.7575e-003"
""," 186.7050e-11","4.7059e-001","-6.9303e-003","1.1465e+000","-6.7441e-003"
""," 187.6825e-11","4.6347e-001","-7.1881e-003","1.1464e+000","-6.7286e-003"
""," 188.6600e-11","4.5748e-001","-7.3880e-003","1.1464e+000","-6.7156e-003"
""," 189.6375e-11","4.5233e-001","-7.5409e-003","1.1465e+000","-6.7059e-003"
""," 190.6150e-11","4.4718e-001","-7.6502e-003","1.1464e+000","-6.6991e-003"
""," 191.5925e-11","4.4173e-001","-7.7406e-003","1.1461e+000","-6.6948e-003"
""," 192.5701e-11","4.3597e-001","-7.8023e-003","1.1455e+000","-6.6874e-003"
""," 193.5476e-11","4.3022e-001","-7.8797e-003","1.1445e+000","-6.6691e-003"
""," 194.5251e-11","4.2504e-001","-7.9803e-003","1.1433e+000","-6.6363e-003"
""," 195.5026e-11","4.2066e-001","-8.0932e-003","1.1420e+000","-6.5865e-003"
""," 196.4801e-11","4.1711e-001","-8.2413e-003","1.1407e+000","-6.5205e-003"
""," 197.4576e-11","4.1430e-001","-8.3867e-003","1.1394e+000","-6.4432e-003"
""," 198.4351e-11","4.1216e-001","-8.5085e-003","1.1380e+000","-6.3569e-003"
""," 199.4127e-11","4.1028e-001","-8.6030e-003","1.1362e+000","-6.2624e-003"
""," 200.3902e-11","4.0834e-001","-8.6485e-003","1.1337e+000","-6.1610e-003"
""," 201.3677e-11","4.0630e-001","-8.6756e-003","1.1300e+000","-6.0445e-003"
""," 202.3452e-11","4.0375e-001","-8.6992e-003","1.1247e+000","-5.8960e-003"
""," 203.3227e-11","4.0086e-001","-8.7339e-003","1.1178e+000","-5.6898e-003"
""," 204.3002e-11","3.9793e-001","-8.7528e-003","1.1093e+000","-5.3974e-003"
""," 205.2777e-11","3.9534e-001","-8.8022e-003","1.0996e+000","-5.0039e-003"
""," 206.2553e-11","3.9349e-001","-8.8698e-003","1.0894e+000","-4.5037e-003"
""," 207.2328e-11","3.9240e-001","-8.9237e-003","1.0794e+000","-3.9054e-003"
""," 208.2103e-11","3.9191e-001","-8.9960e-003","1.0700e+000","-3.2265e-003"
""," 209.1878e-11","3.9185e-001","-9.0410e-003","1.0615e+000","-2.4969e-003"
""," 210.1653e-11","3.9207e-001","-9.0627e-003","1.0535e+000","-1.7498e-003"
""," 211.1428e-11","3.9228e-001","-9.0662e-003","1.0455e+000","-1.0134e-003"
""," 212.1203e-11","3.9234e-001","-9.0479e-003","1.0367e+000","-2.9484e-004"
""," 213.0978e-11","3.9230e-001","-9.0411e-003","1.0267e+000","4.1920e-004"
""," 214.0754e-11","3.9206e-001","-9.0549e-003","1.0151e+000","1.1498e-003"
""," 215.0529e-11","3.9186e-001","-9.0904e-003","1.0021e+000","1.9142e-003"
""," 216.0304e-11","3.9195e-001","-9.1125e-003","9.8819e-001","2.7179e-003"
""," 217.0079e-11","3.9252e-001","-9.1650e-003","9.7417e-001","3.5541e-003"
""," 217.9854e-11","3.9361e-001","-9.2183e-003","9.6069e-001","4.4082e-003"
""," 218.9629e-11","3.9504e-001","-9.2479e-003","9.4824e-001","5.2546e-003"
""," 219.9404e-11","3.9650e-001","-9.2909e-003","9.3691e-001","6.0609e-003"
""," 220.9180e-11","3.9786e-001","-9.3064e-003","9.2641e-001","6.7946e-003"
""," 221.8955e-11","3.9893e-001","-9.3138e-003","9.1622e-001","7.4283e-003"
""," 222.8730e-11","3.9970e-001","-9.3174e-003","9.0579e-001","7.9562e-003"
""," 223.8505e-11","4.0009e-001","-9.3219e-003","8.9464e-001","8.3902e-003"
""," 224.8280e-11","4.0025e-001","-9.3496e-003","8.8245e-001","8.7495e-003"
""," 225.8055e-11","4.0014e-001","-9.3972e-003","8.6922e-001","9.0525e-003"
""," 226.7830e-11","3.9992e-001","-9.4443e-003","8.5516e-001","9.3072e-003"
""," 227.7605e-11","3.9973e-001","-9.4880e-003","8.4068e-001","9.5214e-003"
""," 228.7381e-11","3.9962e-001","-9.5370e-003","8.2614e-001","9.7012e-003"
""," 229.7156e-11","3.9952e-001","-9.5690e-003","8.1170e-001","9.8481e-003"
""," 230.6931e-11","3.9938e-001","-9.5751e-003","7.9740e-001","9.9587e-003"
""," 231.6706e-11","3.9911e-001","-9.5880e-003","7.8315e-001","1.0028e-002"
""," 232.6481e-11","3.9883e-001","-9.5773e-003","7.6878e-001","1.0059e-002"
""," 233.6256e-11","3.9854e-001","-9.5654e-003","7.5414e-001","1.0059e-002"
""," 234.6031e-11","3.9842e-001","-9.5527e-003","7.3919e-001","1.0046e-002"
""," 235.5806e-11","3.9846e-001","-9.5472e-003","7.2401e-001","1.0034e-002"
""," 236.5582e-11","3.9874e-001","-9.5597e-003","7.0884e-001","1.0031e-002"
""," 237.5357e-11","3.9928e-001","-9.5834e-003","6.9397e-001","1.0040e-002"
""," 238.5132e-11","4.0011e-001","-9.5966e-003","6.7971e-001","1.0055e-002"
""," 239.4907e-11","4.0132e-001","-9.6130e-003","6.6623e-001","1.0070e-002"
""," 240.4682e-11","4.0302e-001","-9.6304e-003","6.5356e-001","1.0080e-002"
""," 241.4457e-11","4.0527e-001","-9.6364e-003","6.4158e-001","1.0076e-002"
""," 242.4232e-11","4.0821e-001","-9.6321e-003","6.3013e-001","1.0053e-002"
""," 243.4007e-11","4.1190e-001","-9.6415e-003","6.1898e-001","1.0009e-002"
""," 244.3783e-11","4.1643e-001","-9.6424e-003","6.0794e-001","9.9501e-003"
""," 245.3558e-11","4.2181e-001","-9.6553e-003","5.9693e-001","9.8830e-003"
""," 246.3333e-11","4.2803e-001","-9.6798e-003","5.8593e-001","9.8162e-003"
""," 247.3108e-11","4.3492e-001","-9.7278e-003","5.7507e-001","9.7575e-003"
""," 248.2883e-11","4.4249e-001","-9.8020e-003","5.6452e-001","9.7077e-003"
""," 249.2658e-11","4.5081e-001","-9.8969e-003","5.5440e-001","9.6664e-003"
""," 250.2433e-11","4.6004e-001","-1.0001e-002","5.4484e-001","9.6294e-003"
""," 251.2208e-11","4.7047e-001","-1.0121e-002","5.3585e-001","9.5907e-003"
""," 252.1984e-11","4.8232e-001","-1.0252e-002","5.2739e-001","9.5485e-003"
""," 253.1759e-11","4.9555e-001","-1.0389e-002","5.1935e-001","9.5011e-003"
""," 254.1534e-11","5.1001e-001","-1.0533e-002","5.1164e-001","9.4467e-003"
""," 255.1309e-11","5.2525e-001","-1.0698e-002","5.0417e-001","9.3868e-003"
""," 256.1084e-11","5.4077e-001","-1.0876e-002","4.9687e-001","9.3239e-003"
""," 257.0859e-11","5.5604e-001","-1.1087e-002","4.8976e-001","9.2602e-003"
""," 258.0634e-11","5.7071e-001","-1.1334e-002","4.8287e-001","9.2004e-003"
""," 259.0409e-11","5.8444e-001","-1.1626e-002","4.7628e-001","9.1455e-003"
""," 260.0185e-11","5.9722e-001","-1.1952e-002","4.7001e-001","9.0930e-003"
""," 260.9960e-11","6.0912e-001","-1.2298e-002","4.6409e-001","9.0408e-003"
""," 261.9735e-11","6.2013e-001","-1.2643e-002","4.5849e-001","8.9861e-003"
""," 262.9510e-11","6.3037e-001","-1.2980e-002","4.5315e-001","8.9283e-003"
""," 263.9285e-11","6.3961e-001","-1.3289e-002","4.4802e-001","8.8710e-003"
""," 264.9060e-11","6.4756e-001","-1.3577e-002","4.4304e-001","8.8146e-003"
""," 265.8835e-11","6.5386e-001","-1.3842e-002","4.3821e-001","8.7603e-003"
""," 266.8610e-11","6.5819e-001","-1.4091e-002","4.3354e-001","8.7092e-003"
""," 267.8386e-11","6.6041e-001","-1.4322e-002","4.2906e-001","8.6619e-003"
""," 268.8161e-11","6.6056e-001","-1.4529e-002","4.2480e-001","8.6190e-003"
""," 269.7936e-11","6.5894e-001","-1.4708e-002","4.2077e-001","8.5809e-003"
""," 270.7711e-11","6.5569e-001","-1.4837e-002","4.1696e-001","8.5454e-003"
""," 271.7486e-11","6.5120e-001","-1.4866e-002","4.1330e-001","8.5107e-003"
""," 272.7261e-11","6.4576e-001","-1.4770e-002","4.0976e-001","8.4766e-003"
""," 273.7036e-11","6.3956e-001","-1.4512e-002","4.0627e-001","8.4445e-003"
""," 274.6812e-11","6.3307e-001","-1.4123e-002","4.0282e-001","8.4176e-003"
""," 275.6587e-11","6.2670e-001","-1.3622e-002","3.9946e-001","8.3997e-003"
""," 276.6362e-11","6.2085e-001","-1.3073e-002","3.9624e-001","8.3906e-003"
""," 277.6137e-11","6.1658e-001","-1.2497e-002","3.9324e-001","8.3887e-003"
""," 278.5912e-11","6.1490e-001","-1.1918e-002","3.9054e-001","8.3903e-003"
""," 279.5687e-11","6.1710e-001","-1.1339e-002","3.8814e-001","8.3920e-003"
""," 280.5462e-11","6.2412e-001","-1.0749e-002","3.8601e-001","8.3906e-003"
""," 281.5238e-11","6.3562e-001","-1.0123e-002","3.8405e-001","8.3837e-003"
""," 282.5013e-11","6.5074e-001","-9.4308e-003","3.8214e-001","8.3696e-003"
""," 283.4788e-11","6.6838e-001","-8.5998e-003","3.8016e-001","8.3492e-003"
""," 284.4563e-11","6.8735e-001","-7.6628e-003","3.7806e-001","8.3266e-003"
""," 285.4338e-11","7.0682e-001","-6.6081e-003","3.7584e-001","8.3076e-003"
""," 286.4113e-11","7.2632e-001","-5.5279e-003","3.7357e-001","8.2966e-003"
""," 287.3888e-11","7.4579e-001","-4.4880e-003","3.7138e-001","8.2953e-003"
""," 288.3663e-11","7.6572e-001","-3.5579e-003","3.6940e-001","8.3012e-003"
""," 289.3439e-11","7.8718e-001","-2.7285e-003","3.6769e-001","8.3095e-003"
""," 290.3214e-11","8.1079e-001","-1.9944e-003","3.6627e-001","8.3152e-003"
""," 291.2989e-11","8.3702e-001","-1.3355e-003","3.6502e-001","8.3149e-003"
""," 292.2764e-11","8.6521e-001","-7.2646e-004","3.6382e-001","8.3067e-003"
""," 293.2539e-11","8.9401e-001","-1.2048e-004","3.6255e-001","8.2922e-003"
""," 294.2314e-11","9.2207e-001","4.9961e-004","3.6115e-001","8.2760e-003"
""," 295.2089e-11","9.4817e-001","1.1999e-003","3.5966e-001","8.2628e-003"
""," 296.1865e-11","9.7190e-001","1.8835e-003","3.5822e-001","8.2564e-003"
""," 297.1640e-11","9.9312e-001","2.5748e-003","3.5699e-001","8.2568e-003"
""," 298.1415e-11","1.0120e+000","3.1634e-003","3.5612e-001","8.2589e-003"
""," 299.1190e-11","1.0292e+000","3.6458e-003","3.5568e-001","8.2558e-003"
""," 300.0965e-11","1.0450e+000","3.9964e-003","3.5562e-001","8.2393e-003"
""," 301.0740e-11","1.0603e+000","4.2726e-003","3.5581e-001","8.2038e-003"
""," 302.0515e-11","1.0752e+000","4.5198e-003","3.5603e-001","8.1485e-003"
""," 303.0290e-11","1.0896e+000","4.7403e-003","3.5605e-001","8.0772e-003"
""," 304.0066e-11","1.1027e+000","4.9582e-003","3.5568e-001","7.9965e-003"
""," 304.9841e-11","1.1137e+000","5.1951e-003","3.5484e-001","7.9155e-003"
""," 305.9616e-11","1.1222e+000","5.4467e-003","3.5357e-001","7.8442e-003"
""," 306.9391e-11","1.1282e+000","5.7464e-003","3.5198e-001","7.7908e-003"
""," 307.9166e-11","1.1323e+000","5.9904e-003","3.5023e-001","7.7609e-003"
""," 308.8941e-11","1.1353e+000","6.2211e-003","3.4852e-001","7.7548e-003"
""," 309.8716e-11","1.1374e+000","6.3626e-003","3.4700e-001","7.7698e-003"
""," 310.8491e-11","1.1393e+000","6.4497e-003","3.4578e-001","7.8009e-003"
""," 311.8267e-11","1.1411e+000","6.4908e-003","3.4489e-001","7.8427e-003"
""," 312.8042e-11","1.1432e+000","6.5374e-003","3.4428e-001","7.8891e-003"
""," 313.7817e-11","1.1455e+000","6.6213e-003","3.4388e-001","7.9357e-003"
""," 314.7592e-11","1.1476e+000","6.7223e-003","3.4357e-001","7.9796e-003"
""," 315.7367e-11","1.1489e+000","6.8391e-003","3.4332e-001","8.0197e-003"
""," 316.7142e-11","1.1491e+000","6.9607e-003","3.4317e-001","8.0572e-003"
""," 317.6917e-11","1.1485e+000","7.0892e-003","3.4330e-001","8.0935e-003"
""," 318.6692e-11","1.1470e+000","7.2331e-003","3.4402e-001","8.1258e-003"
""," 319.6468e-11","1.1456e+000","7.3185e-003","3.4579e-001","8.1455e-003"
""," 320.6243e-11","1.1446e+000","7.3910e-003","3.4917e-001","8.1388e-003"
""," 321.6018e-11","1.1440e+000","7.4112e-003","3.5475e-001","8.0818e-003"
""," 322.5793e-11","1.1438e+000","7.4179e-003","3.6275e-001","7.9455e-003"
""," 323.5568e-11","1.1438e+000","7.4365e-003","3.7307e-001","7.6911e-003"
""," 324.5343e-11","1.1442e+000","7.4777e-003","3.8514e-001","7.2840e-003"
""," 325.5118e-11","1.1445e+000","7.5511e-003","3.9815e-001","6.7058e-003"
""," 326.4893e-11","1.1445e+000","7.6336e-003","4.1114e-001","5.9657e-003"
""," 327.4669e-11","1.1439e+000","7.7143e-003","4.2319e-001","5.0923e-003"
""," 328.4444e-11","1.1425e+000","7.7692e-003","4.3366e-001","4.1273e-003"
""," 329.4219e-11","1.1410e+000","7.8207e-003","4.4246e-001","3.1167e-003"
""," 330.3994e-11","1.1395e+000","7.8711e-003","4.5003e-001","2.1024e-003"
""," 331.3769e-11","1.1383e+000","7.8781e-003","4.5723e-001","1.1232e-003"
""," 332.3544e-11","1.1376e+000","7.8801e-003","4.6504e-001","2.0103e-004"
""," 333.3319e-11","1.1374e+000","7.8664e-003","4.7427e-001","-6.6862e-004"
""," 334.3094e-11","1.1371e+000","7.8584e-003","4.8529e-001","-1.5079e-003"
""," 335.2870e-11","1.1369e+000","7.8961e-003","4.9813e-001","-2.3472e-003"
""," 336.2645e-11","1.1366e+000","7.9473e-003","5.1230e-001","-3.2040e-003"
""," 337.2420e-11","1.1360e+000","8.0085e-003","5.2712e-001","-4.0745e-003"
""," 338.2195e-11","1.1348e+000","8.0590e-003","5.4181e-001","-4.9418e-003"
""," 339.1970e-11","1.1332e+000","8.0968e-003","5.5582e-001","-5.7832e-003"
""," 340.1745e-11","1.1312e+000","8.0989e-003","5.6897e-001","-6.5746e-003"
""," 341.1520e-11","1.1295e+000","8.1060e-003","5.8146e-001","-7.2958e-003"
""," 342.1295e-11","1.1282e+000","8.1165e-003","5.9372e-001","-7.9233e-003"
""," 343.1071e-11","1.1274e+000","8.1085e-003","6.0630e-001","-8.4490e-003"
""," 344.0846e-11","1.1268e+000","8.1049e-003","6.1958e-001","-8.8764e-003"
""," 345.0621e-11","1.1263e+000","8.1136e-003","6.3377e-001","-9.2263e-003"
""," 346.0396e-11","1.1254e+000","8.1358e-003","6.4879e-001","-9.5226e-003"
""," 347.0171e-11","1.1243e+000","8.1931e-003","6.6439e-001","-9.7796e-003"
""," 347.9946e-11","1.1230e+000","8.2467e-003","6.8012e-001","-1.0000e-002"
""," 348.9721e-11","1.1217e+000","8.2949e-003","6.9562e-001","-1.0177e-002"
""," 349.9497e-11","1.1200e+000","8.3166e-003","7.1069e-001","-1.0304e-002"
""," 350.9272e-11","1.1184e+000","8.3281e-003","7.2536e-001","-1.0379e-002"
""," 351.9047e-11","1.1171e+000","8.3167e-003","7.3980e-001","-1.0402e-002"
""," 352.8822e-11","1.1164e+000","8.3225e-003","7.5427e-001","-1.0378e-002"
""," 353.8597e-11","1.1163e+000","8.3397e-003","7.6899e-001","-1.0314e-002"
""," 354.8372e-11","1.1166e+000","8.3555e-003","7.8410e-001","-1.0221e-002"
""," 355.8147e-11","1.1171e+000","8.3712e-003","7.9953e-001","-1.0115e-002"
""," 356.7923e-11","1.1177e+000","8.4042e-003","8.1505e-001","-1.0014e-002"
""," 357.7698e-11","1.1181e+000","8.4360e-003","8.3034e-001","-9.9286e-003"
""," 358.7473e-11","1.1183e+000","8.4819e-003","8.4512e-001","-9.8585e-003"
""," 359.7248e-11","1.1184e+000","8.4989e-003","8.5910e-001","-9.7955e-003"
""," 360.7023e-11","1.1182e+000","8.5048e-003","8.7220e-001","-9.7269e-003"
""," 361.6798e-11","1.1169e+000","8.4798e-003","8.8452e-001","-9.6466e-003"
""," 362.6573e-11","1.1148e+000","8.4526e-003","8.9624e-001","-9.5535e-003"
""," 363.6348e-11","1.1115e+000","8.4189e-003","9.0759e-001","-9.4479e-003"
""," 364.6124e-11","1.1069e+000","8.4075e-003","9.1872e-001","-9.3359e-003"
""," 365.5899e-11","1.1010e+000","8.4137e-003","9.2972e-001","-9.2230e-003"
""," 366.5674e-11","1.0939e+000","8.4320e-003","9.4061e-001","-9.1115e-003"
""," 367.5449e-11","1.0853e+000","8.4586e-003","9.5127e-001","-9.0076e-003"
""," 368.5224e-11","1.0752e+000","8.5295e-003","9.6153e-001","-8.9168e-003"
""," 369.4999e-11","1.0637e+000","8.6177e-003","9.7125e-001","-8.8397e-003"
""," 370.4774e-11","1.0507e+000","8.7413e-003","9.8039e-001","-8.7722e-003"
""," 371.4550e-11","1.0360e+000","8.8615e-003","9.8893e-001","-8.7055e-003"
""," 372.4325e-11","1.0194e+000","9.0042e-003","9.9692e-001","-8.6316e-003"
""," 373.4100e-11","1.0010e+000","9.1481e-003","1.0045e+000","-8.5528e-003"
""," 374.3875e-11","9.8122e-001","9.3228e-003","1.0118e+000","-8.4728e-003"
""," 375.3650e-11","9.6075e-001","9.5299e-003","1.0188e+000","-8.3941e-003"
""," 376.3425e-11","9.4037e-001","9.7850e-003","1.0257e+000","-8.3191e-003"
""," 377.3200e-11","9.2080e-001","1.0085e-002","1.0324e+000","-8.2473e-003"
""," 378.2975e-11","9.0259e-001","1.0424e-002","1.0389e+000","-8.1789e-003"
""," 379.2751e-11","8.8600e-001","1.0791e-002","1.0450e+000","-8.1175e-003"
""," 380.2526e-11","8.7117e-001","1.1213e-002","1.0508e+000","-8.0647e-003"
""," 381.2301e-11","8.5822e-001","1.1638e-002","1.0561e+000","-8.0185e-003"
""," 382.2076e-11","8.4699e-001","1.2063e-002","1.0611e+000","-7.9720e-003"
""," 383.1851e-11","8.3748e-001","1.2445e-002","1.0658e+000","-7.9200e-003"
""," 384.1626e-11","8.2958e-001","1.2795e-002","1.0702e+000","-7.8619e-003"
""," 385.1401e-11","8.2320e-001","1.3091e-002","1.0745e+000","-7.8029e-003"
""," 386.1176e-11","8.1873e-001","1.3360e-002","1.0788e+000","-7.7486e-003"
""," 387.0952e-11","8.1621e-001","1.3607e-002","1.0829e+000","-7.7018e-003"
""," 388.0727e-11","8.1572e-001","1.3842e-002","1.0869e+000","-7.6610e-003"
""," 389.0502e-11","8.1709e-001","1.4064e-002","1.0907e+000","-7.6242e-003"
""," 390.0277e-11","8.1996e-001","1.4254e-002","1.0942e+000","-7.5902e-003"
""," 391.0052e-11","8.2397e-001","1.4410e-002","1.0973e+000","-7.5585e-003"
""," 391.9827e-11","8.2884e-001","1.4554e-002","1.1002e+000","-7.5295e-003"
""," 392.9602e-11","8.3451e-001","1.4622e-002","1.1029e+000","-7.5007e-003"
""," 393.9377e-11","8.4088e-001","1.4630e-002","1.1054e+000","-7.4664e-003"
""," 394.9153e-11","8.4798e-001","1.4568e-002","1.1078e+000","-7.4269e-003"
""," 395.8928e-11","8.5559e-001","1.4455e-002","1.1102e+000","-7.3849e-003"
""," 396.8703e-11","8.6346e-001","1.4296e-002","1.1125e+000","-7.3455e-003"
""," 397.8478e-11","8.7176e-001","1.4125e-002","1.1148e+000","-7.3130e-003"
""," 398.8253e-11","8.8012e-001","1.3948e-002","1.1171e+000","-7.2858e-003"
""," 399.8028e-11","8.8820e-001","1.3759e-002","1.1192e+000","-7.2605e-003"
""," 400.7803e-11","8.9583e-001","1.3551e-002","1.1214e+000","-7.2371e-003"
""," 401.7579e-11","9.0281e-001","1.3273e-002","1.1236e+000","-7.2166e-003"
""," 402.7354e-11","9.0919e-001","1.2911e-002","1.1258e+000","-7.2028e-003"
""," 403.7129e-11","9.1511e-001","1.2478e-002","1.1282e+000","-7.2007e-003"
""," 404.6904e-11","9.2080e-001","1.1942e-002","1.1307e+000","-7.2121e-003"
""," 405.6679e-11","9.2630e-001","1.1339e-002","1.1331e+000","-7.2367e-003"
""," 406.6454e-11","9.3157e-001","1.0689e-002","1.1353e+000","-7.2768e-003"
""," 407.6229e-11","9.3596e-001","1.0042e-002","1.1372e+000","-7.3285e-003"
""," 408.6004e-11","9.3852e-001","9.4102e-003","1.1386e+000","-7.3866e-003"
""," 409.5780e-11","9.3848e-001","8.8310e-003","1.1395e+000","-7.4413e-003"
""," 410.5555e-11","9.3540e-001","8.2731e-003","1.1400e+000","-7.4814e-003"
""," 411.5330e-11","9.2927e-001","7.6950e-003","1.1404e+000","-7.4999e-003"
""," 412.5105e-11","9.2020e-001","7.0508e-003","1.1407e+000","-7.4977e-003"
""," 413.4880e-11","9.0890e-001","6.3023e-003","1.1412e+000","-7.4787e-003"
""," 414.4655e-11","8.9627e-001","5.4523e-003","1.1419e+000","-7.4520e-003"
""," 415.4430e-11","8.8313e-001","4.5380e-003","1.1429e+000","-7.4246e-003"
""," 416.4205e-11","8.7004e-001","3.5934e-003","1.1438e+000","-7.3994e-003"
""," 417.3981e-11","8.5667e-001","2.6817e-003","1.1445e+000","-7.3748e-003"
""," 418.3756e-11","8.4199e-001","1.8159e-003","1.1448e+000","-7.3473e-003"
""," 419.3531e-11","8.2492e-001","1.0473e-003","1.1446e+000","-7.3094e-003"
""," 420.3306e-11","8.0469e-001","3.5969e-004","1.1440e+000","-7.2536e-003"
""," 421.3081e-11","7.8151e-001","-2.2833e-004","1.1431e+000","-7.1735e-003"
""," 422.2856e-11","7.5607e-001","-7.7870e-004","1.1424e+000","-7.0680e-003"
""," 423.2632e-11","7.2959e-001","-1.3486e-003","1.1422e+000","-6.9433e-003"
""," 424.2406e-11","7.0303e-001","-1.9772e-003","1.1425e+000","-6.8128e-003"
""," 425.2182e-11","6.7765e-001","-2.6420e-003","1.1436e+000","-6.6923e-003"
""," 426.1957e-11","6.5403e-001","-3.3115e-003","1.1455e+000","-6.5965e-003"
""," 427.1732e-11","6.3245e-001","-3.9388e-003","1.1477e+000","-6.5369e-003"
""," 428.1507e-11","6.1313e-001","-4.4991e-003","1.1501e+000","-6.5189e-003"
""," 429.1282e-11","5.9520e-001","-4.9566e-003","1.1524e+000","-6.5414e-003"
""," 430.1057e-11","5.7783e-001","-5.3363e-003","1.1541e+000","-6.5991e-003"
""," 431.0833e-11","5.6055e-001","-5.6234e-003","1.1551e+000","-6.6810e-003"
""," 432.0607e-11","5.4344e-001","-5.8677e-003","1.1553e+000","-6.7726e-003"
""," 433.0383e-11","5.2711e-001","-6.0750e-003","1.1549e+000","-6.8597e-003"
""," 434.0158e-11","5.1209e-001","-6.2894e-003","1.1539e+000","-6.9309e-003"
""," 434.9933e-11","4.9880e-001","-6.5475e-003","1.1526e+000","-6.9792e-003"
""," 435.9708e-11","4.8742e-001","-6.8407e-003","1.1512e+000","-7.0027e-003"
""," 436.9483e-11","4.7813e-001","-7.1262e-003","1.1500e+000","-7.0028e-003"
""," 437.9258e-11","4.7058e-001","-7.3800e-003","1.1491e+000","-6.9843e-003"
""," 438.9034e-11","4.6423e-001","-7.5745e-003","1.1484e+000","-6.9545e-003"
""," 439.8808e-11","4.5876e-001","-7.7219e-003","1.1479e+000","-6.9189e-003"
""," 440.8584e-11","4.5333e-001","-7.8199e-003","1.1475e+000","-6.8778e-003"
""," 441.8359e-11","4.4754e-001","-7.9032e-003","1.1469e+000","-6.8328e-003"
""," 442.8134e-11","4.4138e-001","-7.9576e-003","1.1461e+000","-6.7816e-003"
""," 443.7909e-11","4.3518e-001","-8.0294e-003","1.1451e+000","-6.7192e-003"
""," 444.7684e-11","4.2956e-001","-8.1211e-003","1.1439e+000","-6.6432e-003"
""," 445.7459e-11","4.2480e-001","-8.2348e-003","1.1426e+000","-6.5512e-003"
""," 446.7235e-11","4.2089e-001","-8.3816e-003","1.1414e+000","-6.4458e-003"
""," 447.7009e-11","4.1777e-001","-8.5283e-003","1.1403e+000","-6.3333e-003"
""," 448.6785e-11","4.1532e-001","-8.6457e-003","1.1392e+000","-6.2189e-003"
""," 449.6560e-11","4.1323e-001","-8.7292e-003","1.1377e+000","-6.1061e-003"
""," 450.6335e-11","4.1099e-001","-8.7637e-003","1.1355e+000","-5.9964e-003"
""," 451.6110e-11","4.0862e-001","-8.7785e-003","1.1320e+000","-5.8806e-003"
""," 452.5885e-11","4.0566e-001","-8.7885e-003","1.1269e+000","-5.7376e-003"
""," 453.5660e-11","4.0228e-001","-8.8147e-003","1.1201e+000","-5.5407e-003"
""," 454.5436e-11","3.9882e-001","-8.8294e-003","1.1116e+000","-5.2620e-003"
""," 455.5211e-11","3.9579e-001","-8.8710e-003","1.1019e+000","-4.8852e-003"
""," 456.4986e-11","3.9368e-001","-8.9344e-003","1.0918e+000","-4.4053e-003"
""," 457.4761e-11","3.9259e-001","-8.9870e-003","1.0819e+000","-3.8275e-003"
""," 458.4536e-11","3.9230e-001","-9.0511e-003","1.0727e+000","-3.1738e-003"
""," 459.4311e-11","3.9268e-001","-9.0892e-003","1.0645e+000","-2.4739e-003"
""," 460.4086e-11","3.9346e-001","-9.0981e-003","1.0567e+000","-1.7629e-003"
""," 461.3861e-11","3.9441e-001","-9.0888e-003","1.0488e+000","-1.0667e-003"
""," 462.3637e-11","3.9516e-001","-9.0621e-003","1.0400e+000","-3.8822e-004"
""," 463.3412e-11","3.9585e-001","-9.0486e-003","1.0298e+000","2.8941e-004"
""," 464.3187e-11","3.9625e-001","-9.0649e-003","1.0179e+000","9.9132e-004"
""," 465.2962e-11","3.9661e-001","-9.1061e-003","1.0045e+000","1.7350e-003"
""," 466.2737e-11","3.9718e-001","-9.1493e-003","9.9030e-001","2.5261e-003"
""," 467.2512e-11","3.9817e-001","-9.2132e-003","9.7601e-001","3.3567e-003"
""," 468.2287e-11","3.9962e-001","-9.2876e-003","9.6236e-001","4.2124e-003"
""," 469.2062e-11","4.0128e-001","-9.3319e-003","9.4984e-001","5.0652e-003"
""," 470.1838e-11","4.0276e-001","-9.3831e-003","9.3850e-001","5.8818e-003"
""," 471.1613e-11","4.0391e-001","-9.4064e-003","9.2806e-001","6.6256e-003"
""," 472.1388e-11","4.0452e-001","-9.4149e-003","9.1795e-001","7.2706e-003"
""," 473.1163e-11","4.0459e-001","-9.4218e-003","9.0757e-001","7.8102e-003"
""," 474.0938e-11","4.0402e-001","-9.4287e-003","8.9645e-001","8.2576e-003"
""," 475.0713e-11","4.0307e-001","-9.4570e-003","8.8429e-001","8.6326e-003"
""," 476.0488e-11","4.0172e-001","-9.5095e-003","8.7107e-001","8.9530e-003"
""," 477.0264e-11","4.0020e-001","-9.5618e-003","8.5706e-001","9.2270e-003"
""," 478.0039e-11","3.9873e-001","-9.6044e-003","8.4265e-001","9.4587e-003"
""," 478.9814e-11","3.9746e-001","-9.6412e-003","8.2823e-001","9.6552e-003"
""," 479.9589e-11","3.9640e-001","-9.6661e-003","8.1394e-001","9.8167e-003"
""," 480.9364e-11","3.9549e-001","-9.6496e-003","7.9980e-001","9.9393e-003"
""," 481.9139e-11","3.9469e-001","-9.6370e-003","7.8570e-001","1.0019e-002"
""," 482.8914e-11","3.9416e-001","-9.5998e-003","7.7147e-001","1.0055e-002"
""," 483.8689e-11","3.9395e-001","-9.5596e-003","7.5695e-001","1.0059e-002"
""," 484.8465e-11","3.9423e-001","-9.5236e-003","7.4207e-001","1.0047e-002"
""," 485.8240e-11","3.9493e-001","-9.4981e-003","7.2694e-001","1.0034e-002"
""," 486.8015e-11","3.9615e-001","-9.4974e-003","7.1179e-001","1.0030e-002"
""," 487.7790e-11","3.9778e-001","-9.5179e-003","6.9691e-001","1.0037e-002"
""," 488.7565e-11","3.9978e-001","-9.5347e-003","6.8261e-001","1.0049e-002"
""," 489.7340e-11","4.0219e-001","-9.5538e-003","6.6906e-001","1.0061e-002"
""," 490.7115e-11","4.0504e-001","-9.5742e-003","6.5630e-001","1.0067e-002"
""," 491.6890e-11","4.0835e-001","-9.5938e-003","6.4424e-001","1.0061e-002"
""," 492.6666e-11","4.1216e-001","-9.5953e-003","6.3269e-001","1.0037e-002"
""," 493.6441e-11","4.1646e-001","-9.6163e-003","6.2145e-001","9.9927e-003"
""," 494.6216e-11","4.2139e-001","-9.6304e-003","6.1033e-001","9.9334e-003"
""," 495.5991e-11","4.2688e-001","-9.6568e-003","5.9923e-001","9.8661e-003"
""," 496.5766e-11","4.3297e-001","-9.6960e-003","5.8813e-001","9.7995e-003"
""," 497.5541e-11","4.3949e-001","-9.7580e-003","5.7716e-001","9.7416e-003"
""," 498.5317e-11","4.4651e-001","-9.8491e-003","5.6648e-001","9.6947e-003"
""," 499.5091e-11","4.5411e-001","-9.9621e-003","5.5623e-001","9.6569e-003"
""," 500.4867e-11","4.6250e-001","-1.0076e-002","5.4653e-001","9.6247e-003"
""," 501.4642e-11","4.7207e-001","-1.0203e-002","5.3742e-001","9.5920e-003"
""," 502.4417e-11","4.8303e-001","-1.0332e-002","5.2890e-001","9.5563e-003"
""," 503.4192e-11","4.9541e-001","-1.0468e-002","5.2087e-001","9.5159e-003"
""," 504.3967e-11","5.0899e-001","-1.0599e-002","5.1323e-001","9.4677e-003"
""," 505.3742e-11","5.2336e-001","-1.0756e-002","5.0588e-001","9.4105e-003"
""," 506.3518e-11","5.3804e-001","-1.0921e-002","4.9876e-001","9.3467e-003"
""," 507.3292e-11","5.5252e-001","-1.1119e-002","4.9186e-001","9.2781e-003"
""," 508.3068e-11","5.6651e-001","-1.1353e-002","4.8518e-001","9.2094e-003"
""," 509.2843e-11","5.7972e-001","-1.1633e-002","4.7876e-001","9.1425e-003"
""," 510.2618e-11","5.9213e-001","-1.1950e-002","4.7262e-001","9.0752e-003"
""," 511.2393e-11","6.0385e-001","-1.2286e-002","4.6674e-001","9.0062e-003"
""," 512.2168e-11","6.1488e-001","-1.2614e-002","4.6109e-001","8.9346e-003"
""," 513.1943e-11","6.2530e-001","-1.2936e-002","4.5562e-001","8.8616e-003"
""," 514.1719e-11","6.3488e-001","-1.3227e-002","4.5029e-001","8.7922e-003"
""," 515.1493e-11","6.4325e-001","-1.3502e-002","4.4506e-001","8.7290e-003"
""," 516.1269e-11","6.5004e-001","-1.3751e-002","4.3996e-001","8.6725e-003"
""," 517.1044e-11","6.5486e-001","-1.3993e-002","4.3503e-001","8.6238e-003"
""," 518.0819e-11","6.5762e-001","-1.4213e-002","4.3033e-001","8.5833e-003"
""," 519.0594e-11","6.5837e-001","-1.4411e-002","4.2590e-001","8.5505e-003"
""," 520.0369e-11","6.5733e-001","-1.4583e-002","4.2173e-001","8.5251e-003"
""," 521.0144e-11","6.5470e-001","-1.4696e-002","4.1781e-001","8.5038e-003"
""," 521.9920e-11","6.5078e-001","-1.4709e-002","4.1407e-001","8.4837e-003"
""," 522.9694e-11","6.4588e-001","-1.4590e-002","4.1043e-001","8.4648e-003"
""," 523.9470e-11","6.4020e-001","-1.4302e-002","4.0686e-001","8.4485e-003"
""," 524.9245e-11","6.3430e-001","-1.3901e-002","4.0333e-001","8.4380e-003"
""," 525.9020e-11","6.2851e-001","-1.3403e-002","3.9993e-001","8.4369e-003"
""," 526.8795e-11","6.2341e-001","-1.2862e-002","3.9674e-001","8.4442e-003"
""," 527.8570e-11","6.2005e-001","-1.2302e-002","3.9386e-001","8.4565e-003"
""," 528.8345e-11","6.1954e-001","-1.1736e-002","3.9139e-001","8.4684e-003"
""," 529.8121e-11","6.2313e-001","-1.1167e-002","3.8933e-001","8.4745e-003"
""," 530.7896e-11","6.3143e-001","-1.0575e-002","3.8760e-001","8.4700e-003"
""," 531.7671e-11","6.4389e-001","-9.9396e-003","3.8606e-001","8.4517e-003"
""," 532.7446e-11","6.5957e-001","-9.2152e-003","3.8453e-001","8.4180e-003"
""," 533.7221e-11","6.7735e-001","-8.3624e-003","3.8283e-001","8.3716e-003"
""," 534.6996e-11","6.9622e-001","-7.3878e-003","3.8088e-001","8.3191e-003"
""," 535.6771e-11","7.1548e-001","-6.3143e-003","3.7865e-001","8.2694e-003"
""," 536.6546e-11","7.3479e-001","-5.2489e-003","3.7623e-001","8.2295e-003"
""," 537.6322e-11","7.5432e-001","-4.2318e-003","3.7377e-001","8.2040e-003"
""," 538.6097e-11","7.7464e-001","-3.3325e-003","3.7144e-001","8.1919e-003"
""," 539.5872e-11","7.9688e-001","-2.5289e-003","3.6935e-001","8.1896e-003"
""," 540.5647e-11","8.2145e-001","-1.8150e-003","3.6755e-001","8.1918e-003"
""," 541.5422e-11","8.4856e-001","-1.1709e-003","3.6596e-001","8.1948e-003"
""," 542.5197e-11","8.7722e-001","-5.5840e-004","3.6448e-001","8.1959e-003"
""," 543.4972e-11","9.0609e-001","5.0422e-005","3.6299e-001","8.1954e-003"
""," 544.4747e-11","9.3369e-001","6.8892e-004","3.6145e-001","8.1967e-003"
""," 545.4523e-11","9.5913e-001","1.3875e-003","3.5990e-001","8.2034e-003"
""," 546.4298e-11","9.8216e-001","2.0813e-003","3.5847e-001","8.2176e-003"
""," 547.4073e-11","1.0026e+000","2.7453e-003","3.5732e-001","8.2380e-003"
""," 548.3848e-11","1.0209e+000","3.2926e-003","3.5658e-001","8.2580e-003"
""," 549.3623e-11","1.0376e+000","3.7450e-003","3.5632e-001","8.2696e-003"
""," 550.3398e-11","1.0530e+000","4.0616e-003","3.5646e-001","8.2643e-003"
""," 551.3173e-11","1.0681e+000","4.3265e-003","3.5682e-001","8.2362e-003"
""," 552.2949e-11","1.0826e+000","4.5666e-003","3.5720e-001","8.1845e-003"
""," 553.2724e-11","1.0964e+000","4.7853e-003","3.5734e-001","8.1138e-003"
""," 554.2499e-11","1.1085e+000","5.0082e-003","3.5705e-001","8.0311e-003"
""," 555.2274e-11","1.1185e+000","5.2434e-003","3.5625e-001","7.9462e-003"
""," 556.2049e-11","1.1258e+000","5.5041e-003","3.5498e-001","7.8701e-003"
""," 557.1824e-11","1.1308e+000","5.7979e-003","3.5337e-001","7.8113e-003"
""," 558.1599e-11","1.1342e+000","6.0402e-003","3.5159e-001","7.7756e-003"
""," 559.1374e-11","1.1366e+000","6.2491e-003","3.4985e-001","7.7642e-003"
""," 560.1150e-11","1.1384e+000","6.3672e-003","3.4831e-001","7.7731e-003"
""," 561.0925e-11","1.1400e+000","6.4549e-003","3.4710e-001","7.7985e-003"
""," 562.0700e-11","1.1417e+000","6.4895e-003","3.4623e-001","7.8338e-003"
""," 563.0475e-11","1.1440e+000","6.5508e-003","3.4566e-001","7.8731e-003"
""," 564.0250e-11","1.1462e+000","6.6514e-003","3.4529e-001","7.9118e-003"
""," 565.0025e-11","1.1483e+000","6.7606e-003","3.4502e-001","7.9475e-003"
""," 565.9800e-11","1.1496e+000","6.8791e-003","3.4482e-001","7.9793e-003"
""," 566.9575e-11","1.1498e+000","6.9998e-003","3.4476e-001","8.0090e-003"
""," 567.9351e-11","1.1491e+000","7.1312e-003","3.4502e-001","8.0375e-003"
""," 568.9126e-11","1.1479e+000","7.2698e-003","3.4596e-001","8.0610e-003"
""," 569.8901e-11","1.1468e+000","7.3431e-003","3.4810e-001","8.0701e-003"
""," 570.8676e-11","1.1460e+000","7.3990e-003","3.5202e-001","8.0490e-003"
""," 571.8451e-11","1.1456e+000","7.4034e-003","3.5822e-001","7.9720e-003"
""," 572.8226e-11","1.1455e+000","7.4175e-003","3.6686e-001","7.8064e-003"
""," 573.8002e-11","1.1455e+000","7.4259e-003","3.7767e-001","7.5152e-003"
""," 574.7776e-11","1.1458e+000","7.4768e-003","3.9005e-001","7.0625e-003"
""," 575.7552e-11","1.1458e+000","7.5550e-003","4.0310e-001","6.4425e-003"
""," 576.7327e-11","1.1454e+000","7.6362e-003","4.1588e-001","5.6679e-003"
""," 577.7102e-11","1.1442e+000","7.7036e-003","4.2751e-001","4.7719e-003"
""," 578.6877e-11","1.1424e+000","7.7572e-003","4.3752e-001","3.7987e-003"
""," 579.6652e-11","1.1405e+000","7.8096e-003","4.4597e-001","2.7906e-003"
""," 580.6427e-11","1.1385e+000","7.8614e-003","4.5348e-001","1.7900e-003"
""," 581.6203e-11","1.1370e+000","7.8554e-003","4.6096e-001","8.3152e-004"
""," 582.5977e-11","1.1360e+000","7.8617e-003","4.6935e-001","-7.2214e-005"
""," 583.5753e-11","1.1354e+000","7.8499e-003","4.7931e-001","-9.3286e-004"
""," 584.5528e-11","1.1348e+000","7.8675e-003","4.9111e-001","-1.7758e-003"
""," 585.5303e-11","1.1344e+000","7.9069e-003","5.0457e-001","-2.6294e-003"
""," 586.5078e-11","1.1341e+000","7.9780e-003","5.1911e-001","-3.5028e-003"
""," 587.4853e-11","1.1335e+000","8.0457e-003","5.3400e-001","-4.3865e-003"
""," 588.4628e-11","1.1325e+000","8.1013e-003","5.4849e-001","-5.2596e-003"
""," 589.4404e-11","1.1311e+000","8.1307e-003","5.6215e-001","-6.0980e-003"
""," 590.4178e-11","1.1295e+000","8.1416e-003","5.7495e-001","-6.8780e-003"
""," 591.3954e-11","1.1283e+000","8.1528e-003","5.8716e-001","-7.5771e-003"
""," 592.3729e-11","1.1276e+000","8.1654e-003","5.9933e-001","-8.1758e-003"
""," 593.3504e-11","1.1273e+000","8.1385e-003","6.1196e-001","-8.6681e-003"
""," 594.3279e-11","1.1272e+000","8.1412e-003","6.2539e-001","-9.0653e-003"
""," 595.3054e-11","1.1270e+000","8.1427e-003","6.3978e-001","-9.3907e-003"
""," 596.2829e-11","1.1263e+000","8.1716e-003","6.5498e-001","-9.6667e-003"
""," 597.2605e-11","1.1254e+000","8.2204e-003","6.7067e-001","-9.9051e-003"
""," 598.2379e-11","1.1242e+000","8.2748e-003","6.8638e-001","-1.0104e-002"
""," 599.2155e-11","1.1226e+000","8.3089e-003","7.0181e-001","-1.0259e-002"
""," 600.1930e-11","1.1208e+000","8.3211e-003","7.1681e-001","-1.0364e-002"
""," 601.1705e-11","1.1191e+000","8.3188e-003","7.3144e-001","-1.0417e-002"
""," 602.1480e-11","1.1176e+000","8.3091e-003","7.4590e-001","-1.0420e-002"
""," 603.1255e-11","1.1167e+000","8.3148e-003","7.6043e-001","-1.0379e-002"
""," 604.1030e-11","1.1163e+000","8.3320e-003","7.7525e-001","-1.0301e-002"
""," 605.0806e-11","1.1163e+000","8.3333e-003","7.9044e-001","-1.0198e-002"
""," 606.0581e-11","1.1165e+000","8.3640e-003","8.0589e-001","-1.0087e-002"
""," 607.0356e-11","1.1167e+000","8.3937e-003","8.2135e-001","-9.9865e-003"
""," 608.0131e-11","1.1167e+000","8.4351e-003","8.3653e-001","-9.9022e-003"
""," 608.9906e-11","1.1167e+000","8.4810e-003","8.5114e-001","-9.8323e-003"
""," 609.9681e-11","1.1165e+000","8.5052e-003","8.6494e-001","-9.7670e-003"
""," 610.9456e-11","1.1158e+000","8.5053e-003","8.7789e-001","-9.6957e-003"
""," 611.9231e-11","1.1143e+000","8.4850e-003","8.9012e-001","-9.6147e-003"
""," 612.9007e-11","1.1117e+000","8.4616e-003","9.0181e-001","-9.5235e-003"
""," 613.8782e-11","1.1080e+000","8.4376e-003","9.1314e-001","-9.4229e-003"
""," 614.8557e-11","1.1032e+000","8.4347e-003","9.2422e-001","-9.3194e-003"
""," 615.8332e-11","1.0970e+000","8.4478e-003","9.3514e-001","-9.2148e-003"
""," 616.8107e-11","1.0896e+000","8.4635e-003","9.4587e-001","-9.1119e-003"
""," 617.7882e-11","1.0808e+000","8.5143e-003","9.5628e-001","-9.0164e-003"
""," 618.7657e-11","1.0705e+000","8.5885e-003","9.6623e-001","-8.9327e-003"
""," 619.7432e-11","1.0587e+000","8.6895e-003","9.7563e-001","-8.8592e-003"
""," 620.7208e-11","1.0454e+000","8.8179e-003","9.8447e-001","-8.7911e-003"
""," 621.6983e-11","1.0303e+000","8.9451e-003","9.9273e-001","-8.7185e-003"
""," 622.6758e-11","1.0133e+000","9.0841e-003","1.0005e+000","-8.6381e-003"
""," 623.6533e-11","9.9446e-001","9.2342e-003","1.0079e+000","-8.5535e-003"
""," 624.6308e-11","9.7454e-001","9.4163e-003","1.0151e+000","-8.4684e-003"
""," 625.6083e-11","9.5407e-001","9.6323e-003","1.0221e+000","-8.3853e-003"
""," 626.5858e-11","9.3396e-001","9.8959e-003","1.0288e+000","-8.3055e-003"
""," 627.5634e-11","9.1477e-001","1.0204e-002","1.0354e+000","-8.2280e-003"
""," 628.5409e-11","8.9702e-001","1.0547e-002","1.0418e+000","-8.1551e-003"
""," 629.5184e-11","8.8086e-001","1.0936e-002","1.0478e+000","-8.0896e-003"
""," 630.4959e-11","8.6647e-001","1.1356e-002","1.0534e+000","-8.0334e-003"
""," 631.4734e-11","8.5384e-001","1.1782e-002","1.0587e+000","-7.9829e-003"
""," 632.4509e-11","8.4296e-001","1.2199e-002","1.0637e+000","-7.9323e-003"
""," 633.4284e-11","8.3372e-001","1.2567e-002","1.0684e+000","-7.8780e-003"
""," 634.4059e-11","8.2609e-001","1.2900e-002","1.0729e+000","-7.8221e-003"
""," 635.3835e-11","8.2008e-001","1.3186e-002","1.0774e+000","-7.7699e-003"
""," 636.3610e-11","8.1610e-001","1.3450e-002","1.0817e+000","-7.7265e-003"
""," 637.3385e-11","8.1414e-001","1.3693e-002","1.0859e+000","-7.6922e-003"
""," 638.3160e-11","8.1424e-001","1.3927e-002","1.0898e+000","-7.6643e-003"
""," 639.2935e-11","8.1614e-001","1.4143e-002","1.0935e+000","-7.6399e-003"
""," 640.2710e-11","8.1949e-001","1.4326e-002","1.0968e+000","-7.6171e-003"
""," 641.2485e-11","8.2390e-001","1.4484e-002","1.0997e+000","-7.5947e-003"
""," 642.2261e-11","8.2919e-001","1.4607e-002","1.1024e+000","-7.5725e-003"
""," 643.2036e-11","8.3527e-001","1.4659e-002","1.1048e+000","-7.5454e-003"
""," 644.1811e-11","8.4210e-001","1.4648e-002","1.1071e+000","-7.5092e-003"
""," 645.1586e-11","8.4963e-001","1.4562e-002","1.1093e+000","-7.4653e-003"
""," 646.1361e-11","8.5754e-001","1.4434e-002","1.1116e+000","-7.4176e-003"
""," 647.1136e-11","8.6572e-001","1.4267e-002","1.1138e+000","-7.3725e-003"
""," 648.0911e-11","8.7427e-001","1.4091e-002","1.1160e+000","-7.3334e-003"
""," 649.0687e-11","8.8266e-001","1.3905e-002","1.1183e+000","-7.2980e-003"
""," 650.0462e-11","8.9069e-001","1.3712e-002","1.1204e+000","-7.2646e-003"
""," 651.0237e-11","8.9813e-001","1.3481e-002","1.1226e+000","-7.2340e-003"
""," 652.0012e-11","9.0494e-001","1.3172e-002","1.1249e+000","-7.2080e-003"
""," 652.9787e-11","9.1112e-001","1.2778e-002","1.1272e+000","-7.1922e-003"
""," 653.9562e-11","9.1691e-001","1.2306e-002","1.1297e+000","-7.1907e-003"
""," 654.9337e-11","9.2249e-001","1.1746e-002","1.1323e+000","-7.2039e-003"
""," 655.9112e-11","9.2788e-001","1.1120e-002","1.1348e+000","-7.2330e-003"
""," 656.8888e-11","9.3286e-001","1.0463e-002","1.1370e+000","-7.2782e-003"
""," 657.8663e-11","9.3659e-001","9.8215e-003","1.1388e+000","-7.3353e-003"
""," 658.8438e-11","9.3816e-001","9.2024e-003","1.1400e+000","-7.3978e-003"
""," 659.8213e-11","9.3693e-001","8.6343e-003","1.1408e+000","-7.4542e-003"
""," 660.7988e-11","9.3259e-001","8.0732e-003","1.1413e+000","-7.4935e-003"
""," 661.7763e-11","9.2524e-001","7.4774e-003","1.1415e+000","-7.5111e-003"
""," 662.7538e-11","9.1514e-001","6.7992e-003","1.1418e+000","-7.5079e-003"
""," 663.7313e-11","9.0320e-001","6.0105e-003","1.1424e+000","-7.4900e-003"
""," 664.7089e-11","8.9022e-001","5.1308e-003","1.1431e+000","-7.4658e-003"
""," 665.6864e-11","8.7708e-001","4.2060e-003","1.1440e+000","-7.4409e-003"
""," 666.6639e-11","8.6399e-001","3.2757e-003","1.1449e+000","-7.4172e-003"
""," 667.6414e-11","8.5038e-001","2.3690e-003","1.1454e+000","-7.3925e-003"
""," 668.6189e-11","8.3503e-001","1.5431e-003","1.1455e+000","-7.3624e-003"
""," 669.5964e-11","8.1697e-001","8.0878e-004","1.1452e+000","-7.3195e-003"
""," 670.5740e-11","7.9578e-001","1.4682e-004","1.1445e+000","-7.2569e-003"
""," 671.5514e-11","7.7180e-001","-4.1292e-004","1.1437e+000","-7.1686e-003"
""," 672.5290e-11","7.4594e-001","-9.6737e-004","1.1431e+000","-7.0564e-003"
""," 673.5065e-11","7.1944e-001","-1.5553e-003","1.1430e+000","-6.9284e-003"
""," 674.4840e-11","6.9328e-001","-2.2022e-003","1.1435e+000","-6.7988e-003"
""," 675.4615e-11","6.6855e-001","-2.8820e-003","1.1448e+000","-6.6833e-003"
""," 676.4390e-11","6.4563e-001","-3.5393e-003","1.1468e+000","-6.5958e-003"
""," 677.4165e-11","6.2491e-001","-4.1421e-003","1.1491e+000","-6.5454e-003"
""," 678.3941e-11","6.0615e-001","-4.6696e-003","1.1514e+000","-6.5367e-003"
""," 679.3715e-11","5.8844e-001","-5.1055e-003","1.1535e+000","-6.5665e-003"
""," 680.3491e-11","5.7099e-001","-5.4417e-003","1.1550e+000","-6.6287e-003"
""," 681.3266e-11","5.5361e-001","-5.7095e-003","1.1557e+000","-6.7110e-003"
""," 682.3041e-11","5.3659e-001","-5.9521e-003","1.1558e+000","-6.7990e-003"
""," 683.2816e-11","5.2054e-001","-6.1432e-003","1.1552e+000","-6.8793e-003"
""," 684.2591e-11","5.0594e-001","-6.3738e-003","1.1541e+000","-6.9422e-003"
""," 685.2366e-11","4.9323e-001","-6.6426e-003","1.1528e+000","-6.9820e-003"
""," 686.2142e-11","4.8248e-001","-6.9389e-003","1.1516e+000","-6.9984e-003"
""," 687.1916e-11","4.7378e-001","-7.2201e-003","1.1505e+000","-6.9937e-003"
""," 688.1692e-11","4.6665e-001","-7.4434e-003","1.1497e+000","-6.9738e-003"
""," 689.1467e-11","4.6069e-001","-7.6138e-003","1.1492e+000","-6.9460e-003"
""," 690.1242e-11","4.5535e-001","-7.7447e-003","1.1487e+000","-6.9133e-003"
""," 691.1017e-11","4.4992e-001","-7.8308e-003","1.1482e+000","-6.8761e-003"
""," 692.0792e-11","4.4408e-001","-7.8978e-003","1.1476e+000","-6.8348e-003"
""," 693.0567e-11","4.3806e-001","-7.9578e-003","1.1466e+000","-6.7850e-003"
""," 694.0343e-11","4.3222e-001","-8.0444e-003","1.1455e+000","-6.7222e-003"
""," 695.0117e-11","4.2711e-001","-8.1276e-003","1.1442e+000","-6.6432e-003"
""," 695.9893e-11","4.2284e-001","-8.2602e-003","1.1428e+000","-6.5472e-003"
""," 696.9668e-11","4.1945e-001","-8.4097e-003","1.1416e+000","-6.4378e-003"
""," 697.9443e-11","4.1669e-001","-8.5572e-003","1.1404e+000","-6.3221e-003"
""," 698.9218e-11","4.1451e-001","-8.6651e-003","1.1392e+000","-6.2045e-003"
""," 699.8993e-11","4.1247e-001","-8.7254e-003","1.1375e+000","-6.0891e-003"
""," 700.8768e-11","4.1024e-001","-8.7539e-003","1.1349e+000","-5.9746e-003"
""," 701.8544e-11","4.0766e-001","-8.7760e-003","1.1309e+000","-5.8480e-003"
""," 702.8319e-11","4.0449e-001","-8.7843e-003","1.1252e+000","-5.6861e-003"
""," 703.8094e-11","4.0094e-001","-8.8118e-003","1.1177e+000","-5.4596e-003"
""," 704.7869e-11","3.9750e-001","-8.8414e-003","1.1088e+000","-5.1453e-003"
""," 705.7644e-11","3.9463e-001","-8.8938e-003","1.0988e+000","-4.7299e-003"
""," 706.7419e-11","3.9272e-001","-8.9441e-003","1.0887e+000","-4.2117e-003"
""," 707.7194e-11","3.9177e-001","-9.0106e-003","1.0790e+000","-3.6026e-003"
""," 708.6969e-11","3.9161e-001","-9.0656e-003","1.0702e+000","-2.9263e-003"
""," 709.6745e-11","3.9197e-001","-9.0981e-003","1.0621e+000","-2.2166e-003"
""," 710.6520e-11","3.9275e-001","-9.0923e-003","1.0544e+000","-1.5068e-003"
""," 711.6295e-11","3.9358e-001","-9.0693e-003","1.0462e+000","-8.1607e-004"
""," 712.6070e-11","3.9424e-001","-9.0458e-003","1.0370e+000","-1.3908e-004"
""," 713.5845e-11","3.9483e-001","-9.0448e-003","1.0262e+000","5.4479e-004"
""," 714.5620e-11","3.9521e-001","-9.0585e-003","1.0138e+000","1.2594e-003"
""," 715.5395e-11","3.9565e-001","-9.1069e-003","1.0001e+000","2.0186e-003"
""," 716.5170e-11","3.9643e-001","-9.1544e-003","9.8581e-001","2.8220e-003"
""," 717.4946e-11","3.9764e-001","-9.2192e-003","9.7170e-001","3.6604e-003"
""," 718.4721e-11","3.9927e-001","-9.2796e-003","9.5842e-001","4.5150e-003"
""," 719.4496e-11","4.0099e-001","-9.3339e-003","9.4631e-001","5.3548e-003"
""," 720.4271e-11","4.0246e-001","-9.3745e-003","9.3531e-001","6.1462e-003"
""," 721.4046e-11","4.0349e-001","-9.3934e-003","9.2500e-001","6.8551e-003"
""," 722.3821e-11","4.0405e-001","-9.3945e-003","9.1480e-001","7.4596e-003"
""," 723.3596e-11","4.0400e-001","-9.4016e-003","9.0414e-001","7.9644e-003"
""," 724.3372e-11","4.0334e-001","-9.4187e-003","8.9262e-001","8.3838e-003"
""," 725.3147e-11","4.0234e-001","-9.4570e-003","8.8003e-001","8.7388e-003"
""," 726.2922e-11","4.0096e-001","-9.5059e-003","8.6646e-001","9.0440e-003"
""," 727.2697e-11","3.9949e-001","-9.5662e-003","8.5225e-001","9.3038e-003"
""," 728.2472e-11","3.9810e-001","-9.6008e-003","8.3780e-001","9.5247e-003"
""," 729.2247e-11","3.9688e-001","-9.6343e-003","8.2342e-001","9.7106e-003"
""," 730.2022e-11","3.9586e-001","-9.6493e-003","8.0919e-001","9.8608e-003"
""," 731.1797e-11","3.9496e-001","-9.6383e-003","7.9509e-001","9.9699e-003"
""," 732.1573e-11","3.9417e-001","-9.6168e-003","7.8096e-001","1.0035e-002"
""," 733.1348e-11","3.9366e-001","-9.5775e-003","7.6666e-001","1.0060e-002"
""," 734.1123e-11","3.9356e-001","-9.5343e-003","7.5203e-001","1.0057e-002"
""," 735.0898e-11","3.9390e-001","-9.5063e-003","7.3708e-001","1.0044e-002"
""," 736.0673e-11","3.9465e-001","-9.4899e-003","7.2196e-001","1.0034e-002"
""," 737.0448e-11","3.9596e-001","-9.4940e-003","7.0693e-001","1.0033e-002"
""," 738.0223e-11","3.9761e-001","-9.5114e-003","6.9230e-001","1.0041e-002"
""," 738.9998e-11","3.9968e-001","-9.5355e-003","6.7831e-001","1.0050e-002"
""," 739.9774e-11","4.0217e-001","-9.5450e-003","6.6510e-001","1.0057e-002"
""," 740.9549e-11","4.0513e-001","-9.5655e-003","6.5264e-001","1.0054e-002"
""," 741.9324e-11","4.0862e-001","-9.5832e-003","6.4078e-001","1.0038e-002"
""," 742.9099e-11","4.1264e-001","-9.5864e-003","6.2935e-001","1.0002e-002"
""," 743.8874e-11","4.1719e-001","-9.6032e-003","6.1814e-001","9.9477e-003"
""," 744.8649e-11","4.2241e-001","-9.6182e-003","6.0698e-001","9.8819e-003"
""," 745.8424e-11","4.2823e-001","-9.6458e-003","5.9582e-001","9.8125e-003"
""," 746.8199e-11","4.3457e-001","-9.6974e-003","5.8469e-001","9.7481e-003"
""," 747.7975e-11","4.4135e-001","-9.7673e-003","5.7375e-001","9.6953e-003"
""," 748.7750e-11","4.4869e-001","-9.8642e-003","5.6317e-001","9.6537e-003"
""," 749.7525e-11","4.5661e-001","-9.9811e-003","5.5308e-001","9.6212e-003"
""," 750.7300e-11","4.6547e-001","-1.0104e-002","5.4357e-001","9.5925e-003"
""," 751.7075e-11","4.7557e-001","-1.0228e-002","5.3467e-001","9.5625e-003"
""," 752.6850e-11","4.8711e-001","-1.0365e-002","5.2634e-001","9.5290e-003"
""," 753.6626e-11","4.9999e-001","-1.0506e-002","5.1846e-001","9.4900e-003"
""," 754.6401e-11","5.1393e-001","-1.0639e-002","5.1096e-001","9.4417e-003"
""," 755.6175e-11","5.2844e-001","-1.0802e-002","5.0373e-001","9.3849e-003"
""," 756.5951e-11","5.4310e-001","-1.0977e-002","4.9674e-001","9.3213e-003"
""," 757.5726e-11","5.5740e-001","-1.1189e-002","4.8997e-001","9.2536e-003"
""," 758.5501e-11","5.7108e-001","-1.1443e-002","4.8343e-001","9.1861e-003"
""," 759.5276e-11","5.8394e-001","-1.1734e-002","4.7716e-001","9.1189e-003"
""," 760.5052e-11","5.9608e-001","-1.2060e-002","4.7115e-001","9.0496e-003"
""," 761.4826e-11","6.0746e-001","-1.2399e-002","4.6539e-001","8.9778e-003"
""," 762.4601e-11","6.1823e-001","-1.2725e-002","4.5983e-001","8.9026e-003"
""," 763.4377e-11","6.2831e-001","-1.3034e-002","4.5442e-001","8.8275e-003"
""," 764.4152e-11","6.3746e-001","-1.3325e-002","4.4912e-001","8.7574e-003"
""," 765.3927e-11","6.4526e-001","-1.3591e-002","4.4391e-001","8.6942e-003"
""," 766.3702e-11","6.5132e-001","-1.3829e-002","4.3883e-001","8.6384e-003"
""," 767.3477e-11","6.5537e-001","-1.4071e-002","4.3395e-001","8.5911e-003"
""," 768.3252e-11","6.5737e-001","-1.4286e-002","4.2932e-001","8.5527e-003"
""," 769.3028e-11","6.5742e-001","-1.4482e-002","4.2496e-001","8.5224e-003"
""," 770.2803e-11","6.5579e-001","-1.4648e-002","4.2088e-001","8.4990e-003"
""," 771.2578e-11","6.5269e-001","-1.4738e-002","4.1703e-001","8.4786e-003"
""," 772.2353e-11","6.4845e-001","-1.4728e-002","4.1334e-001","8.4591e-003"
""," 773.2128e-11","6.4323e-001","-1.4574e-002","4.0974e-001","8.4411e-003"
""," 774.1903e-11","6.3739e-001","-1.4252e-002","4.0619e-001","8.4265e-003"
""," 775.1678e-11","6.3135e-001","-1.3821e-002","4.0271e-001","8.4192e-003"
""," 776.1454e-11","6.2549e-001","-1.3311e-002","3.9937e-001","8.4215e-003"
""," 777.1228e-11","6.2044e-001","-1.2755e-002","3.9627e-001","8.4313e-003"
""," 778.1003e-11","6.1733e-001","-1.2187e-002","3.9352e-001","8.4445e-003"
""," 779.0779e-11","6.1727e-001","-1.1626e-002","3.9117e-001","8.4556e-003"
""," 780.0554e-11","6.2164e-001","-1.1054e-002","3.8923e-001","8.4596e-003"
""," 781.0329e-11","6.3064e-001","-1.0460e-002","3.8757e-001","8.4520e-003"
""," 782.0105e-11","6.4378e-001","-9.8147e-003","3.8604e-001","8.4300e-003"
""," 782.9879e-11","6.5993e-001","-9.0628e-003","3.8445e-001","8.3933e-003"
""," 783.9654e-11","6.7799e-001","-8.1934e-003","3.8268e-001","8.3457e-003"
""," 784.9430e-11","6.9693e-001","-7.1947e-003","3.8063e-001","8.2949e-003"
""," 785.9205e-11","7.1616e-001","-6.1086e-003","3.7834e-001","8.2493e-003"
""," 786.8980e-11","7.3536e-001","-5.0491e-003","3.7591e-001","8.2152e-003"
""," 787.8755e-11","7.5483e-001","-4.0492e-003","3.7350e-001","8.1951e-003"
""," 788.8530e-11","7.7521e-001","-3.1646e-003","3.7128e-001","8.1870e-003"
""," 789.8305e-11","7.9767e-001","-2.3766e-003","3.6932e-001","8.1861e-003"
""," 790.8080e-11","8.2258e-001","-1.6830e-003","3.6763e-001","8.1877e-003"
""," 791.7856e-11","8.5004e-001","-1.0471e-003","3.6612e-001","8.1887e-003"
""," 792.7631e-11","8.7880e-001","-4.3547e-004","3.6466e-001","8.1870e-003"
""," 793.7405e-11","9.0764e-001","1.7828e-004","3.6316e-001","8.1845e-003"
""," 794.7181e-11","9.3500e-001","8.3418e-004","3.6161e-001","8.1850e-003"
""," 795.6956e-11","9.6013e-001","1.5294e-003","3.6008e-001","8.1920e-003"
""," 796.6731e-11","9.8280e-001","2.2302e-003","3.5871e-001","8.2068e-003"
""," 797.6507e-11","1.0030e+000","2.8837e-003","3.5766e-001","8.2264e-003"
""," 798.6281e-11","1.0211e+000","3.4087e-003","3.5706e-001","8.2434e-003"
""," 799.6056e-11","1.0376e+000","3.8411e-003","3.5691e-001","8.2497e-003"
""," 800.5832e-11","1.0531e+000","4.1434e-003","3.5712e-001","8.2371e-003"
""," 801.5607e-11","1.0683e+000","4.4028e-003","3.5749e-001","8.2016e-003"
""," 802.5382e-11","1.0828e+000","4.6308e-003","3.5779e-001","8.1442e-003"
""," 803.5157e-11","1.0965e+000","4.8518e-003","3.5778e-001","8.0703e-003"
""," 804.4932e-11","1.1085e+000","5.0784e-003","3.5732e-001","7.9875e-003"
""," 805.4707e-11","1.1181e+000","5.3185e-003","3.5636e-001","7.9065e-003"
""," 806.4482e-11","1.1250e+000","5.5864e-003","3.5497e-001","7.8371e-003"
""," 807.4258e-11","1.1297e+000","5.8712e-003","3.5330e-001","7.7872e-003"
""," 808.4033e-11","1.1330e+000","6.1145e-003","3.5154e-001","7.7608e-003"
""," 809.3807e-11","1.1352e+000","6.3084e-003","3.4986e-001","7.7573e-003"
""," 810.3583e-11","1.1370e+000","6.4104e-003","3.4844e-001","7.7727e-003"
""," 811.3358e-11","1.1386e+000","6.4931e-003","3.4734e-001","7.8023e-003"
""," 812.3133e-11","1.1404e+000","6.5252e-003","3.4658e-001","7.8398e-003"
""," 813.2909e-11","1.1428e+000","6.5908e-003","3.4608e-001","7.8795e-003"
""," 814.2684e-11","1.1452e+000","6.6929e-003","3.4574e-001","7.9178e-003"
""," 815.2458e-11","1.1472e+000","6.8107e-003","3.4548e-001","7.9524e-003"
""," 816.2234e-11","1.1483e+000","6.9292e-003","3.4527e-001","7.9833e-003"
""," 817.2009e-11","1.1484e+000","7.0524e-003","3.4522e-001","8.0130e-003"
""," 818.1784e-11","1.1476e+000","7.1839e-003","3.4553e-001","8.0416e-003"
""," 819.1559e-11","1.1464e+000","7.3134e-003","3.4661e-001","8.0641e-003"
""," 820.1334e-11","1.1454e+000","7.3845e-003","3.4897e-001","8.0704e-003"
""," 821.1109e-11","1.1448e+000","7.4283e-003","3.5323e-001","8.0427e-003"
""," 822.0884e-11","1.1445e+000","7.4244e-003","3.5983e-001","7.9542e-003"
""," 823.0660e-11","1.1444e+000","7.4447e-003","3.6886e-001","7.7716e-003"
""," 824.0435e-11","1.1446e+000","7.4526e-003","3.8000e-001","7.4547e-003"
""," 825.0210e-11","1.1449e+000","7.5080e-003","3.9256e-001","6.9757e-003"
""," 825.9985e-11","1.1449e+000","7.5892e-003","4.0565e-001","6.3263e-003"
""," 826.9760e-11","1.1444e+000","7.6736e-003","4.1829e-001","5.5282e-003"
""," 827.9535e-11","1.1431e+000","7.7345e-003","4.2964e-001","4.6147e-003"
""," 828.9311e-11","1.1412e+000","7.7859e-003","4.3933e-001","3.6318e-003"
""," 829.9086e-11","1.1392e+000","7.8346e-003","4.4751e-001","2.6219e-003"
""," 830.8860e-11","1.1373e+000","7.8807e-003","4.5486e-001","1.6271e-003"
""," 831.8636e-11","1.1360e+000","7.8732e-003","4.6234e-001","6.7862e-004"
""," 832.8411e-11","1.1351e+000","7.8743e-003","4.7087e-001","-2.1330e-004"
""," 833.8186e-11","1.1345e+000","7.8623e-003","4.8105e-001","-1.0650e-003"
""," 834.7961e-11","1.1340e+000","7.8912e-003","4.9311e-001","-1.9033e-003"
""," 835.7737e-11","1.1337e+000","7.9302e-003","5.0678e-001","-2.7557e-003"
""," 836.7511e-11","1.1334e+000","8.0058e-003","5.2144e-001","-3.6276e-003"
""," 837.7286e-11","1.1326e+000","8.0714e-003","5.3633e-001","-4.5078e-003"
""," 838.7062e-11","1.1314e+000","8.1250e-003","5.5076e-001","-5.3748e-003"
""," 839.6837e-11","1.1299e+000","8.1455e-003","5.6431e-001","-6.2037e-003"
""," 840.6612e-11","1.1284e+000","8.1539e-003","5.7704e-001","-6.9722e-003"
""," 841.6387e-11","1.1273e+000","8.1643e-003","5.8927e-001","-7.6574e-003"
""," 842.6162e-11","1.1266e+000","8.1759e-003","6.0154e-001","-8.2409e-003"
""," 843.5937e-11","1.1264e+000","8.1479e-003","6.1432e-001","-8.7213e-003"
""," 844.5713e-11","1.1263e+000","8.1541e-003","6.2795e-001","-9.1090e-003"
""," 845.5488e-11","1.1260e+000","8.1599e-003","6.4250e-001","-9.4310e-003"
""," 846.5263e-11","1.1253e+000","8.1984e-003","6.5781e-001","-9.7058e-003"
""," 847.5038e-11","1.1242e+000","8.2444e-003","6.7349e-001","-9.9438e-003"
""," 848.4813e-11","1.1230e+000","8.3022e-003","6.8913e-001","-1.0141e-002"
""," 849.4588e-11","1.1214e+000","8.3300e-003","7.0442e-001","-1.0292e-002"
""," 850.4363e-11","1.1196e+000","8.3387e-003","7.1928e-001","-1.0390e-002"
""," 851.4139e-11","1.1180e+000","8.3310e-003","7.3379e-001","-1.0435e-002"
""," 852.3913e-11","1.1166e+000","8.3237e-003","7.4819e-001","-1.0431e-002"
""," 853.3688e-11","1.1159e+000","8.3327e-003","7.6272e-001","-1.0382e-002"
""," 854.3464e-11","1.1157e+000","8.3526e-003","7.7760e-001","-1.0297e-002"
""," 855.3239e-11","1.1159e+000","8.3509e-003","7.9286e-001","-1.0189e-002"
""," 856.3014e-11","1.1161e+000","8.3856e-003","8.0836e-001","-1.0077e-002"
""," 857.2790e-11","1.1164e+000","8.4168e-003","8.2385e-001","-9.9778e-003"
""," 858.2564e-11","1.1164e+000","8.4599e-003","8.3900e-001","-9.8957e-003"
""," 859.2339e-11","1.1164e+000","8.4972e-003","8.5353e-001","-9.8277e-003"
""," 860.2115e-11","1.1162e+000","8.5209e-003","8.6722e-001","-9.7624e-003"
""," 861.1890e-11","1.1154e+000","8.5128e-003","8.8007e-001","-9.6905e-003"
""," 862.1665e-11","1.1137e+000","8.4873e-003","8.9222e-001","-9.6087e-003"
""," 863.1440e-11","1.1110e+000","8.4620e-003","9.0384e-001","-9.5163e-003"
""," 864.1215e-11","1.1070e+000","8.4415e-003","9.1514e-001","-9.4155e-003"
""," 865.0990e-11","1.1020e+000","8.4426e-003","9.2620e-001","-9.3124e-003"
""," 866.0765e-11","1.0956e+000","8.4587e-003","9.3711e-001","-9.2083e-003"
""," 867.0541e-11","1.0879e+000","8.4728e-003","9.4781e-001","-9.1070e-003"
""," 868.0316e-11","1.0788e+000","8.5326e-003","9.5816e-001","-9.0140e-003"
""," 869.0090e-11","1.0683e+000","8.6100e-003","9.6804e-001","-8.9328e-003"
""," 869.9866e-11","1.0562e+000","8.7154e-003","9.7734e-001","-8.8613e-003"
""," 870.9641e-11","1.0426e+000","8.8424e-003","9.8607e-001","-8.7935e-003"
""," 871.9416e-11","1.0272e+000","8.9744e-003","9.9424e-001","-8.7194e-003"
""," 872.9192e-11","1.0099e+000","9.1116e-003","1.0019e+000","-8.6375e-003"
""," 873.8966e-11","9.9093e-001","9.2654e-003","1.0093e+000","-8.5516e-003"
""," 874.8741e-11","9.7089e-001","9.4557e-003","1.0164e+000","-8.4654e-003"
""," 875.8517e-11","9.5043e-001","9.6784e-003","1.0234e+000","-8.3816e-003"
""," 876.8292e-11","9.3047e-001","9.9514e-003","1.0302e+000","-8.3013e-003"
""," 877.8067e-11","9.1149e-001","1.0266e-002","1.0368e+000","-8.2236e-003"
""," 878.7842e-11","8.9403e-001","1.0612e-002","1.0431e+000","-8.1519e-003"
""," 879.7617e-11","8.7819e-001","1.1011e-002","1.0491e+000","-8.0885e-003"
""," 880.7392e-11","8.6415e-001","1.1431e-002","1.0547e+000","-8.0345e-003"
""," 881.7167e-11","8.5185e-001","1.1856e-002","1.0599e+000","-7.9854e-003"
""," 882.6943e-11","8.4126e-001","1.2267e-002","1.0648e+000","-7.9350e-003"
""," 883.6718e-11","8.3233e-001","1.2629e-002","1.0695e+000","-7.8804e-003"
""," 884.6492e-11","8.2495e-001","1.2951e-002","1.0740e+000","-7.8247e-003"
""," 885.6268e-11","8.1924e-001","1.3232e-002","1.0784e+000","-7.7731e-003"
""," 886.6043e-11","8.1555e-001","1.3494e-002","1.0827e+000","-7.7309e-003"
""," 887.5818e-11","8.1386e-001","1.3733e-002","1.0868e+000","-7.6973e-003"
""," 888.5594e-11","8.1423e-001","1.3966e-002","1.0907e+000","-7.6696e-003"
""," 889.5369e-11","8.1628e-001","1.4175e-002","1.0943e+000","-7.6452e-003"
""," 890.5143e-11","8.1976e-001","1.4353e-002","1.0976e+000","-7.6219e-003"
""," 891.4919e-11","8.2422e-001","1.4513e-002","1.1005e+000","-7.5990e-003"
""," 892.4694e-11","8.2956e-001","1.4623e-002","1.1031e+000","-7.5760e-003"
""," 893.4469e-11","8.3566e-001","1.4665e-002","1.1055e+000","-7.5469e-003"
""," 894.4244e-11","8.4253e-001","1.4646e-002","1.1078e+000","-7.5089e-003"
""," 895.4019e-11","8.5008e-001","1.4551e-002","1.1101e+000","-7.4639e-003"
""," 896.3794e-11","8.5800e-001","1.4416e-002","1.1123e+000","-7.4162e-003"
""," 897.3569e-11","8.6621e-001","1.4248e-002","1.1146e+000","-7.3724e-003"
""," 898.3345e-11","8.7478e-001","1.4074e-002","1.1168e+000","-7.3350e-003"
""," 899.3120e-11","8.8315e-001","1.3886e-002","1.1190e+000","-7.3008e-003"
""," 900.2895e-11","8.9115e-001","1.3693e-002","1.1212e+000","-7.2688e-003"
""," 901.2670e-11","8.9853e-001","1.3454e-002","1.1234e+000","-7.2397e-003"
""," 902.2445e-11","9.0528e-001","1.3134e-002","1.1257e+000","-7.2160e-003"
""," 903.2220e-11","9.1143e-001","1.2732e-002","1.1281e+000","-7.2031e-003"
""," 904.1996e-11","9.1722e-001","1.2243e-002","1.1306e+000","-7.2050e-003"
""," 905.1771e-11","9.2280e-001","1.1674e-002","1.1331e+000","-7.2213e-003"
""," 906.1545e-11","9.2818e-001","1.1040e-002","1.1356e+000","-7.2536e-003"
""," 907.1321e-11","9.3306e-001","1.0380e-002","1.1377e+000","-7.3015e-003"
""," 908.1096e-11","9.3656e-001","9.7417e-003","1.1394e+000","-7.3598e-003"
""," 909.0871e-11","9.3775e-001","9.1298e-003","1.1406e+000","-7.4215e-003"
""," 910.0646e-11","9.3611e-001","8.5652e-003","1.1413e+000","-7.4747e-003"
""," 911.0422e-11","9.3133e-001","8.0008e-003","1.1416e+000","-7.5087e-003"
""," 912.0196e-11","9.2353e-001","7.3965e-003","1.1419e+000","-7.5206e-003"
""," 912.9971e-11","9.1309e-001","6.7059e-003","1.1422e+000","-7.5125e-003"
""," 913.9747e-11","9.0093e-001","5.9021e-003","1.1428e+000","-7.4913e-003"
""," 914.9522e-11","8.8785e-001","5.0120e-003","1.1436e+000","-7.4656e-003"
""," 915.9297e-11","8.7471e-001","4.0804e-003","1.1446e+000","-7.4406e-003"
""," 916.9072e-11","8.6159e-001","3.1568e-003","1.1454e+000","-7.4172e-003"
""," 917.8847e-11","8.4779e-001","2.2548e-003","1.1459e+000","-7.3931e-003"
""," 918.8622e-11","8.3212e-001","1.4408e-003","1.1460e+000","-7.3628e-003"
""," 919.8398e-11","8.1363e-001","7.2008e-004","1.1456e+000","-7.3185e-003"
""," 920.8173e-11","7.9199e-001","7.2753e-005","1.1448e+000","-7.2529e-003"
""," 921.7948e-11","7.6773e-001","-4.8217e-004","1.1440e+000","-7.1614e-003"
""," 922.7723e-11","7.4171e-001","-1.0391e-003","1.1435e+000","-7.0460e-003"
""," 923.7498e-11","7.1516e-001","-1.6336e-003","1.1434e+000","-6.9168e-003"
""," 924.7273e-11","6.8916e-001","-2.2849e-003","1.1441e+000","-6.7885e-003"
""," 925.7048e-11","6.6467e-001","-2.9670e-003","1.1455e+000","-6.6768e-003"
""," 926.6824e-11","6.4200e-001","-3.6208e-003","1.1476e+000","-6.5950e-003"
""," 927.6598e-11","6.2163e-001","-4.2141e-003","1.1499e+000","-6.5522e-003"
""," 928.6373e-11","6.0306e-001","-4.7266e-003","1.1522e+000","-6.5504e-003"
""," 929.6149e-11","5.8544e-001","-5.1533e-003","1.1542e+000","-6.5871e-003"
""," 930.5924e-11","5.6802e-001","-5.4746e-003","1.1556e+000","-6.6542e-003"
""," 931.5699e-11","5.5065e-001","-5.7333e-003","1.1562e+000","-6.7388e-003"
""," 932.5475e-11","5.3374e-001","-5.9714e-003","1.1562e+000","-6.8267e-003"
""," 933.5249e-11","5.1788e-001","-6.1630e-003","1.1554e+000","-6.9047e-003"
""," 934.5024e-11","5.0353e-001","-6.3998e-003","1.1543e+000","-6.9636e-003"
""," 935.4800e-11","4.9107e-001","-6.6715e-003","1.1530e+000","-6.9990e-003"
""," 936.4575e-11","4.8064e-001","-6.9668e-003","1.1518e+000","-7.0107e-003"
""," 937.4350e-11","4.7221e-001","-7.2462e-003","1.1507e+000","-7.0019e-003"
""," 938.4125e-11","4.6525e-001","-7.4626e-003","1.1500e+000","-6.9790e-003"
""," 939.3900e-11","4.5947e-001","-7.6249e-003","1.1494e+000","-6.9490e-003"
""," 940.3675e-11","4.5417e-001","-7.7490e-003","1.1490e+000","-6.9143e-003"
""," 941.3450e-11","4.4869e-001","-7.8351e-003","1.1485e+000","-6.8753e-003"
""," 942.3226e-11","4.4281e-001","-7.8938e-003","1.1478e+000","-6.8323e-003"
""," 943.3001e-11","4.3676e-001","-7.9553e-003","1.1469e+000","-6.7802e-003"
""," 944.2775e-11","4.3099e-001","-8.0478e-003","1.1457e+000","-6.7152e-003"
""," 945.2551e-11","4.2597e-001","-8.1324e-003","1.1445e+000","-6.6342e-003"
""," 946.2326e-11","4.2180e-001","-8.2698e-003","1.1432e+000","-6.5367e-003"
""," 947.2101e-11","4.1850e-001","-8.4194e-003","1.1419e+000","-6.4276e-003"
""," 948.1877e-11","4.1584e-001","-8.5625e-003","1.1408e+000","-6.3132e-003"
""," 949.1651e-11","4.1371e-001","-8.6693e-003","1.1395e+000","-6.1977e-003"
""," 950.1426e-11","4.1165e-001","-8.7214e-003","1.1377e+000","-6.0847e-003"
""," 951.1202e-11","4.0941e-001","-8.7445e-003","1.1349e+000","-5.9714e-003"
""," 952.0977e-11","4.0675e-001","-8.7666e-003","1.1307e+000","-5.8429e-003"
""," 953.0752e-11","4.0350e-001","-8.7773e-003","1.1247e+000","-5.6742e-003"
""," 954.0527e-11","3.9993e-001","-8.8007e-003","1.1170e+000","-5.4376e-003"
""," 955.0302e-11","3.9655e-001","-8.8346e-003","1.1078e+000","-5.1084e-003"
""," 956.0077e-11","3.9382e-001","-8.8940e-003","1.0978e+000","-4.6779e-003"
""," 956.9852e-11","3.9208e-001","-8.9393e-003","1.0876e+000","-4.1442e-003"
""," 957.9628e-11","3.9128e-001","-9.0075e-003","1.0781e+000","-3.5221e-003"
""," 958.9403e-11","3.9126e-001","-9.0601e-003","1.0694e+000","-2.8375e-003"
""," 959.9177e-11","3.9172e-001","-9.0880e-003","1.0614e+000","-2.1241e-003"
""," 960.8953e-11","3.9256e-001","-9.0820e-003","1.0536e+000","-1.4151e-003"
""," 961.8728e-11","3.9340e-001","-9.0540e-003","1.0454e+000","-7.2628e-004"
""," 962.8503e-11","3.9406e-001","-9.0315e-003","1.0360e+000","-4.9302e-005"
""," 963.8279e-11","3.9460e-001","-9.0375e-003","1.0250e+000","6.3771e-004"
""," 964.8054e-11","3.9494e-001","-9.0547e-003","1.0124e+000","1.3582e-003"
""," 965.7828e-11","3.9538e-001","-9.1031e-003","9.9856e-001","2.1235e-003"
""," 966.7604e-11","3.9620e-001","-9.1564e-003","9.8424e-001","2.9325e-003"
""," 967.7379e-11","3.9746e-001","-9.2247e-003","9.7021e-001","3.7742e-003"
""," 968.7154e-11","3.9910e-001","-9.2780e-003","9.5708e-001","4.6284e-003"
""," 969.6929e-11","4.0078e-001","-9.3342e-003","9.4514e-001","5.4631e-003"
""," 970.6704e-11","4.0220e-001","-9.3710e-003","9.3426e-001","6.2448e-003"
""," 971.6479e-11","4.0314e-001","-9.3877e-003","9.2400e-001","6.9389e-003"
""," 972.6254e-11","4.0360e-001","-9.3873e-003","9.1376e-001","7.5295e-003"
""," 973.6030e-11","4.0344e-001","-9.3920e-003","9.0300e-001","8.0204e-003"
""," 974.5805e-11","4.0271e-001","-9.4124e-003","8.9133e-001","8.4299e-003"
""," 975.5580e-11","4.0164e-001","-9.4561e-003","8.7858e-001","8.7772e-003"
""," 976.5355e-11","4.0022e-001","-9.5037e-003","8.6490e-001","9.0761e-003"
""," 977.5130e-11","3.9876e-001","-9.5628e-003","8.5063e-001","9.3302e-003"
""," 978.4905e-11","3.9742e-001","-9.5986e-003","8.3618e-001","9.5460e-003"
""," 979.4681e-11","3.9624e-001","-9.6287e-003","8.2182e-001","9.7277e-003"
""," 980.4456e-11","3.9527e-001","-9.6358e-003","8.0762e-001","9.8722e-003"
""," 981.4230e-11","3.9440e-001","-9.6271e-003","7.9354e-001","9.9754e-003"
""," 982.4006e-11","3.9368e-001","-9.6013e-003","7.7941e-001","1.0034e-002"
""," 983.3781e-11","3.9322e-001","-9.5613e-003","7.6508e-001","1.0053e-002"
""," 984.3556e-11","3.9321e-001","-9.5173e-003","7.5041e-001","1.0048e-002"
""," 985.3331e-11","3.9363e-001","-9.4904e-003","7.3543e-001","1.0034e-002"
""," 986.3107e-11","3.9446e-001","-9.4792e-003","7.2030e-001","1.0024e-002"
""," 987.2881e-11","3.9585e-001","-9.4877e-003","7.0530e-001","1.0024e-002"
""," 988.2656e-11","3.9757e-001","-9.5036e-003","6.9073e-001","1.0032e-002"
""," 989.2432e-11","3.9970e-001","-9.5301e-003","6.7683e-001","1.0041e-002"
""," 990.2207e-11","4.0226e-001","-9.5401e-003","6.6373e-001","1.0047e-002"
""," 991.1982e-11","4.0528e-001","-9.5587e-003","6.5136e-001","1.0043e-002"
""," 992.1757e-11","4.0882e-001","-9.5735e-003","6.3957e-001","1.0025e-002"
""," 993.1532e-11","4.1288e-001","-9.5814e-003","6.2818e-001","9.9869e-003"
""," 994.1307e-11","4.1750e-001","-9.5966e-003","6.1699e-001","9.9309e-003"
""," 995.1083e-11","4.2276e-001","-9.6125e-003","6.0584e-001","9.8643e-003"
""," 996.0858e-11","4.2865e-001","-9.6414e-003","5.9469e-001","9.7952e-003"
""," 997.0633e-11","4.3504e-001","-9.6969e-003","5.8358e-001","9.7322e-003"
""," 998.0408e-11","4.4185e-001","-9.7722e-003","5.7268e-001","9.6810e-003"
""," 999.0183e-11","4.4927e-001","-9.8721e-003","5.6216e-001","9.6409e-003"
""," 999.9958e-11","4.5729e-001","-9.9873e-003","5.5215e-001","9.6094e-003"
